-2.09143390447189785e+51
-6.06059447167530432e+61
8.09239969629906677e+06
8.82605195393299181e-81
2.89888029616328776e-49
-6.13045705115353125e+14
-4.66166517766939454e-92
2.64644122406757509e+24
-7.16739842878473999e-77
-4.53188807230406885e-26
-4.37931548961221408e+67
-9.09728820321432366e+67
6.34505578927040507e+100
-1.02507123826857995e-36
-5.26998434198120029e-12
3.19555713503776586e-100
-3.02687880321077386e+23
1.12934990997775049e-95
8.02762536329035842e+38
5.66261911375522294e-03
-8.47604787415204217e+35
1.50056686048566254e+36
1.49313889231031002e+90
-3.97250360040212258e+29
4.01966990242179650e+15
7.29201905787625046e+83
-7.17810559095182328e-95
-6.78302739609854832e+00
5.26418194683853749e+69
-5.51304457990050666e+31
6.64332662354058999e-30
5.55569519896701434e-04
-5.07570189609218818e+87
-8.09959741325053093e-90
7.59962851756319856e-19
-9.29007477885259439e+32
-4.19571647199602305e+28
8.49142251707891225e-40
4.82320882805106557e+25
1.74228193652043544e-71
-5.33059810319267191e+72
4.76245061624470757e-74
-7.59538621968640226e-33
-9.63164835796612450e+80
6.64079497691657793e+62
8.67316010248282124e-47
-5.28392103542110078e+13
-8.97019869755167700e-12
7.87061016551426228e+20
7.52346840677507907e-03
-8.69712268660166527e+86
2.77594563939267553e+82
-5.58624513428522835e+80
8.06312314976224480e+16
-3.25304331090669567e-98
6.42410546639921023e+01
4.25384340140470168e-32
-7.42802603359674176e+100
-8.19175432646719802e+76
8.13554406282268657e-50
-1.45729928986563190e-89
-1.13279681542824028e+23
-4.81019032930751974e-25
7.10433879094143176e+24
4.70366817497858363e+81
9.52932158500698696e+95
-6.63426324207251404e+50
9.73576184048908549e+70
1.87919029181524016e+29
-2.06663098345312109e-11
-2.73119813512094232e+28
-5.90091019493340028e+43
2.04190192664515777e-25
-1.58826830354326791e+01
7.69570984947430423e-38
6.33551005917773132e+76
8.99044042481652306e-87
-5.71991311336345368e+96
-1.55907844602293760e+19
5.90057302883323306e-97
-2.36058702488446068e-16
9.44554585207440968e-55
-4.13749980577346817e+56
-4.80865227349526176e+97
-7.11489333334820345e-34
9.42065604827505604e-33
-5.61796652827938037e-54
1.76190365047304223e+37
-9.59254470331958071e-47
-6.97199806965440853e+62
-8.01677978497798719e-06
9.01594589085916393e-14
-4.62995989233134383e-33
9.27432081041123164e+47
-8.86023449011337514e-18
3.78356138900342120e-11
2.75669918898980260e+41
5.33846626764217698e+62
9.47818588198362728e+58
3.04823733760511088e-17
6.11167559263439628e-83
-4.84793245452537238e+94
1.09691765227708828e+14
-8.90801046277771382e-76
-5.62735572793734238e+65
-8.55974602862542313e-39
-1.97875173238055216e-22
9.70578552571252876e-79
-2.50808591676306798e-24
-7.22088101408108324e+06
4.32903456568161317e-77
-5.70565420690966137e+39
-7.94120228006473166e-51
-5.29531198572705426e-03
1.61441264132541278e+02
1.49786040229786420e-05
8.07833366903246780e-52
8.30603263374266752e-52
-7.71075542923757100e-71
2.69332010164451590e-92
-9.99917946930215528e-12
-6.94663626098426240e+16
7.20239154013122797e+97
-5.57439124592888355e+08
7.35011609777688876e+76
-8.05143698599485980e-01
-6.11155560591048793e+96
-5.83256267671330704e+94
7.20216345938772506e-66
-2.77865787552092876e-96
6.91616605203340933e-04
8.45434990411903198e+25
1.30845434448242894e-39
5.18830815331519424e+50
8.96608904123420834e-09
-8.72234786847072087e+71
7.72765533888570798e+68
-3.63220615977592227e-82
1.48520410139231582e+13
3.71869554104093961e-05
8.47945121735867501e+96
5.86005312690549270e-33
-5.77671060909054886e+20
-9.40184076741277420e-58
-8.40002740468380491e-08
9.15451191385501489e+65
-3.76331685292169558e-92
-7.12276063043658617e+22
-1.21157607601337959e+51
-7.15217266291537029e-29
4.08431704868083596e+07
6.32437740838975048e-11
-3.61402138711638547e-37
-5.82425293570576515e-60
8.51307521868999889e-98
7.07973783584619392e-44
-6.65473725147215467e-08
7.75706810663898755e+06
9.34857751798923652e-63
1.45720377901375556e+69
-1.19678496146747601e-38
-9.57162309185148788e-75
8.24089761848381738e+12
4.89579842943096552e+58
9.34745681352964121e+40
2.79592844864233589e-04
-8.76061427840334114e+38
4.64576863464468881e+37
-3.42321462363851755e-31
-7.92296319806351587e-97
7.13978376483822150e+82
-7.66700891836631552e+96
7.90298180921679730e+58
8.25300057688471904e+33
-3.03083399660383260e-77
-2.01515936525143824e-22
-8.05052818348321026e-55
-5.78242101860188761e+61
3.97637567598097823e-36
2.69857038392026957e-57
9.06820327255932470e-79
-3.25505435411133637e+80
-8.02286002128301847e-49
4.80794462719233625e+27
6.14700737375196658e-16
1.35847475064071416e+35
-5.35209624692155618e+88
-9.83179195715438220e+76
8.91002799830999635e-03
7.92079160959373125e+14
8.16437126976601833e-42
6.64768698714437070e-58
-4.74965246068293083e-39
-1.04104153874913318e+92
9.93826121067675541e+42
-3.08312407869515938e+14
4.23693368257692522e+41
-7.78096140106158374e-49
8.61326249097383169e-04
-4.54292182039119444e-53
3.00652768057733666e-40
-3.15175514804501832e+86
-5.40792595897974618e-23
9.49070689342756498e+32
8.85283950223700768e-43
7.14496340180329107e+86
9.27240702446350927e-62
-5.46461871947091962e+61
5.93583259746632007e-69
-8.99623466588795726e+29
-7.81109587337008287e-50
6.35362620313707131e-23
-7.44994556227608541e-72
-6.46235320687103742e-93
-9.64724380028641463e+02
-2.25327738929916535e+79
-8.68065967345401302e-83
-4.92185452957919928e-21
2.28797688466813029e-78
-6.55600468190902542e+37
9.44971968301299171e-55
6.75143005195947396e+87
9.32822869991908898e+38
3.78785833100516703e+75
-6.09218785380926140e-10
7.18674782270892051e-75
2.21189338774640142e-30
-8.46811795094939321e-73
5.57801434200315069e-02
-4.96890897223765498e-39
1.80585104726153305e-42
1.38928100924416776e+76
7.45453750866851654e-89
-6.48487067155091524e+32
-1.01296690786815529e+10
2.09433368355574222e-39
-3.75602741584433565e+21
-9.04736327055418770e-95
-2.70380329503972457e-80
-4.39000939985780113e+55
-8.04620058269365699e+19
-5.46198469288209780e+67
6.68584981478748668e+04
7.08121178071139746e+20
-5.79060762994469733e-51
-8.99799597211247033e-13
-7.71548224692223396e-08
-8.19930784569645794e+77
-8.03824355510830720e-73
5.40653950192459082e-24
-2.58925979340919032e+79
-3.38736657004820954e+04
4.72435392680086470e+44
-6.50435655653568743e-84
-3.89279691654743034e+32
7.72133833737545926e+51
5.18508344110790454e+78
6.86924025944142317e-40
5.88865281344091341e-88
-5.46785021021674461e-86
-9.19116612073692933e-50
-7.46266739330825770e+28
1.43897502812472066e+68
4.68220579505136403e-82
1.21632086359672651e-89
-9.58631756537197054e-60
5.26104985678866798e-54
2.22898544068601648e+47
-7.35687866398986678e-19
-6.63651271317518763e+02
5.18917299627921697e-53
9.85039909432496152e+46
4.55837715863393973e-83
-2.40725086683671720e-30
7.31748201191119232e-74
5.78666393283523438e-41
2.91854947543294482e+31
-9.44120668624408017e-04
3.59173712366173183e+100
-5.60442639607041056e-75
-5.06349956829880098e-77
-7.17707641430971020e-84
-7.59878960547147121e-57
5.41122275038823855e-49
-7.69804945883657307e+67
-1.79915474595826691e+43
-3.61124282420071689e+26
-1.04483928662606303e-05
6.94997014427029004e-88
8.86319174858145474e-14
4.28035739269798038e+41
1.08542028747213612e+47
-6.13571339378974444e+04
-5.13452375679661453e+88
-6.74933481499546988e+65
-4.34587731660349783e-65
7.36397821431263736e-88
-8.08971527574673007e-66
-3.82881949274207364e+97
-8.65756780932133920e+16
-5.10204204208902188e-36
-6.83741576165987078e-50
-3.06120947614188931e-64
-7.78605701999555955e-44
4.34505860502392063e-33
-8.66134324870077444e-84
3.30382498840034765e+18
7.52162565352323891e+18
-7.07899824005485156e-52
-5.78956737893002358e-16
4.16340256894529139e+57
-5.78603972844407406e+88
5.53822011914580935e+87
-4.55920601257355110e+44
-2.50803563083557416e-47
9.32380153421747525e+41
9.92230849631174706e-38
-8.00366667549472443e-09
-8.11364524068855322e+79
-6.05700122223132430e-45
5.68106608608513236e+59
6.28599987640214849e-13
1.40270432180886622e-43
-8.79714672655905044e-37
9.74155195334395542e-57
1.00723781721947111e+72
-4.13958323691069030e+18
4.60579759412504305e+28
-7.63926368355806467e+49
-3.51788347377770608e+91
-8.86591936425923036e+74
7.14805705529533753e+46
-9.81249585530857961e-97
-3.71983957459627075e+11
2.02346324228972142e-27
1.02086465091676836e-39
9.68782529697650263e-13
-6.19823365732332037e-69
-6.82144522531110482e-22
4.19124765225181593e-69
-7.16812549534739240e+92
3.01394104461722434e+76
-2.43135002524043237e+50
-3.81752583836914346e+69
9.45895492375922414e+79
3.62975887082594369e-29
6.19833701174036232e-48
2.85766809895602754e+58
2.18723278195781211e-60
6.38617443330203245e-70
2.74617444623550144e-30
6.56965768267369187e+62
-3.01238240487571725e+46
5.51867561711964803e-48
-3.16115715481437749e-84
8.96463121899197203e-46
-7.53440402930171065e-49
1.49360708076775936e-77
-8.81641040973473174e+56
9.71092033402588523e+100
-7.69003323836282725e+43
-3.30473231511589104e+47
9.17945365425361041e-12
-2.42328927025941977e-52
3.90487801454438138e-05
4.39859091491759732e+67
-1.98055065715374048e-73
7.39863937328524040e+56
-4.17612085576028687e+11
-9.47405560745176656e-31
-9.61687804763610860e+54
6.81701559697513773e-58
-7.99862117406924770e+100
-2.64476183730623807e+26
-6.46855477140698439e+65
-1.52967461680656474e+68
2.51490775701837608e-04
-2.84467748818548205e+88
-1.24145197722502366e-28
8.73868875761919406e-79
-2.97757426130872766e+35
7.17406123333173120e+17
2.41039872963189756e-25
-3.76414072696760766e+96
-1.49228839410159248e-47
7.14137049067288857e-29
2.16649994707662565e-08
3.04185655044021160e-14
7.85226649332357251e+65
2.25746486489153513e-56
1.54879764848635760e+97
5.46382526220521072e+02
4.31552706545358842e-62
7.70165358881011798e+02
2.41109506960391060e-09
1.70843447313144405e-99
-7.69564006585628192e+53
8.37653261257889356e-46
-8.79650328178027865e-47
-1.56971260589228724e+34
-5.19817775521542202e+00
4.95499275965513916e+10
-5.87861506968349467e+45
-4.53667875133420582e+50
1.20060860396646168e-05
7.82935012668727692e+34
-8.72049517005099791e-86
4.08718921201304545e-21
1.36056292475583344e-82
-8.29130765704193348e+34
5.14312228267124105e+100
-2.32057646988699838e-40
-3.30837430121470773e+33
-1.73587924452903291e-61
4.34197790648391183e-59
-2.32703505820609540e-71
2.34328454685031058e+98
9.02502272724243253e+06
-2.22757679259331652e+84
-7.47788092047638202e+04
-9.37560077591936642e-77
7.70804276749777215e+55
3.88678896287479065e-27
-9.10173526716271057e-30
3.53792679493581100e+25
-8.55585650731368532e-70
-5.63988995457475422e-63
5.93194594790241468e+22
-9.22387206652900917e-33
-1.87175825690409803e-25
4.92414721749560159e+64
5.08307677117550590e+60
-1.56410749200782675e+71
9.25184858757585579e-16
9.28283563941008318e-31
1.75325968658130174e+06
6.38448687874366899e+41
5.57393037034116632e+77
3.88804990038282158e+19
-3.20816891296364989e+84
-3.89433876305453521e-76
-1.70634513233907751e-76
-9.08845347871973840e+49
1.11967651952719866e-21
1.92968240944383116e-42
-6.20937403399392492e-97
-5.02150124131255858e-89
4.46234819933604496e-08
-2.65877660825294356e+02
-9.18040537290504801e+01
5.27589349343660493e+88
-4.72627569049883070e-83
-4.36904991979485461e+50
9.58754415901194202e-79
9.91063922450946965e-43
5.57318417014937851e-64
-8.28211939598005003e+24
4.70637487609212161e-41
4.24401382261574618e+96
4.25659722376481593e-08
-8.83273957815066569e+03
-9.09935162485435198e-08
8.51464055407001809e+77
-9.70796783132584654e+21
-7.62093482541751853e+39
7.77385624055591831e+27
4.91406876291833090e+29
-6.19196793170031910e-80
2.92269342441159019e+100
3.90204404690371597e-38
2.47357050067394367e+75
2.06081329275898549e+81
5.45420210048946368e-87
3.17661100300287559e-04
9.46463742707906468e+93
-3.18880359575270973e+02
-7.39927712558174100e+50
8.25717791259253495e-06
-8.10907958663155513e-46
2.76075331656173944e-23
3.46897389385008022e+61
-4.09409219570322235e+92
-9.51130834584911649e-09
-7.54259932200986680e+56
9.32959822216552794e+01
5.92153291837364487e+75
-5.66184094208022756e+58
5.58796278137039559e-96
4.69839953018845154e+86
9.34385006805217330e-60
7.60214500714059283e+92
-7.27839591141059077e-52
-2.97113676042687794e-99
-3.37703803269070150e+90
4.72161851789522799e+81
7.09573556275371291e+49
1.97784667886148510e+42
5.28198210818602156e+52
-9.98951056251796202e-59
-4.07433776648061576e+03
-9.61636995395327995e+27
7.78001658074746132e-47
-3.66952401415891451e+47
3.05028795239114516e+83
-7.06329925465052893e-47
-1.19653203100588892e-63
-9.02486519576481987e+03
3.74688075768114230e+45
-2.35871225454367666e-40
6.48149554986684241e+80
9.75964642686315927e-41
6.64405069704756750e-06
7.76620161165307623e-52
-2.95323571179884705e+52
-8.38515232874586345e+49
9.93605007913157543e-34
6.23304245833195642e-50
-3.11591175147809924e+55
-2.99878794345080392e-02
-3.42225157478334800e+16
9.75023769176285152e-100
-6.50969852552513132e+92
-1.64182488949466615e+88
-6.08151990983957528e+53
7.83756363309273250e+45
9.07440421026558607e-18
-2.89162731206101672e+27
7.13853350037979961e-88
6.73920227279461471e+72
8.69684247022877215e-26
8.27651875615793701e-50
4.83772808192109055e-54
6.43076677861434350e-13
-4.91667320227883815e-95
2.19019037278740004e-40
-1.88193930742011089e+30
2.16206141218005890e-58
6.66631528951854694e-58
6.45306847338253196e-70
8.00962981287047857e+23
-6.03718428848340239e-90
-8.32322895977863854e-07
8.62192852069588103e-60
-8.03566736002802123e+20
6.83765438953825699e+71
-9.31826788199719694e+90
9.66001913977259336e-61
7.31003571813196555e+83
-5.77287365346654603e+68
5.42218549764350365e-43
1.97481438721704789e+34
-8.75429693177646391e-53
-7.38906886039636562e+13
3.62322373096642303e-87
-3.84387341990317637e+06
-7.56036747063096717e+56
-4.21369099834177040e-66
-3.87752636142660772e-40
4.90398953877812715e-91
3.22312270795347089e-44
8.47395474952059306e-80
-4.65405752178675354e-73
8.37610369995570731e-59
-8.83428596205768704e+19
-2.00569915034944792e-69
3.39078679635660526e+80
2.44082091540206080e+17
-3.34043039181634629e+47
-7.75556115083666510e+33
-7.72881481645310242e-50
6.41927259691421146e+78
-1.29110473863205540e-52
4.54573042323711263e+19
-7.20992619914256356e+04
3.51884051264376129e+79
7.28446480363906578e-45
-1.85888466966305134e-49
-6.51180807961982853e+36
-5.62396575833807002e-05
9.31117598928940558e+69
-9.90413602701635443e+28
-8.58866379445081152e+12
3.33487750469614762e+23
-5.34214897242108067e+76
2.02416031146858577e+100
-8.05235617607378343e+94
-1.86228693194966710e-27
-4.61350770561909104e-37
-2.34298839313467665e+57
-8.62874457497780449e-73
-1.10345921309195249e+85
-3.07919980704875113e+61
6.86544905058632365e-24
-6.82764131533585152e+17
-7.33077432440685674e-32
3.21085443866765250e+15
1.98912021457184356e+40
9.96553408679702299e+20
-5.02219871937482994e-90
-6.90615876526161331e+34
9.19818376400706576e+28
-6.68461767227996574e+31
-9.18936843649781629e+37
3.55856229045687004e-77
-4.73610909824031839e+74
-5.20651482546562143e-80
1.57321330230255649e-98
-2.06083262521861459e-37
-1.06402595277206202e-36
-7.57331905241180567e+73
8.40626523648644202e-54
5.74644970181946099e-24
-5.91681859492589202e+76
3.96158247068463294e-26
2.39810113022218561e+09
2.17044273189578138e+81
-9.08871811750617104e-24
5.66113090013247419e-16
-1.08124970136126091e-78
9.05228752076715362e+51
2.28281965936937325e+27
-2.19628448843221003e-92
-7.87045960172619296e-75
8.59883919893906923e+22
-3.19180188280178443e+45
7.19372062371864586e-55
-7.41789083111784782e-97
7.05663817503207004e+32
-3.86278815633570468e+54
2.51520106287199484e+100
8.03033162295688979e+64
6.51383566349301186e-08
2.19156492128579748e-21
-5.40718941677436968e+59
-8.69264184464389634e-87
-3.52583324644581450e+15
1.46674046415453290e+22
-2.31312179740855026e+58
-8.96299349443595212e-87
-3.48594075414951287e-50
-1.48145540409791280e+82
3.90579255695566278e+82
3.45478318083467120e+36
-7.82300560367973491e-95
8.29550496347253185e+83
-7.76958377901173308e-49
1.64173865561345262e+20
-8.59693205745846692e-74
6.75131341165185719e-43
-4.91723045889125001e-80
6.63286376864421000e+15
-2.32935932168117711e+41
-4.06021856337322204e-68
1.36458700315211968e+88
2.15119765153853148e+69
-5.02992740487838538e+77
-5.45483857835573286e-94
1.04477904836851281e-55
2.40219688358483069e+71
-5.34540023031084375e+12
-2.67759790618115705e-27
-3.05091022004043851e-27
4.89307545001698086e-25
1.67944540111044077e-62
2.50627290025430451e-50
-1.28926691313353028e-13
-3.35317076224667338e+82
-1.58918041803450115e-59
-4.43367572952862373e+58
6.08259346774775183e-63
2.23542705505169574e-75
1.81205417162267227e-92
-8.52916299999241129e-17
-4.42075565074197437e-03
-1.46614140273388934e-46
-9.09343225695999230e+20
3.31799843457909615e+84
6.45670007288034859e+21
9.90852449573101795e-31
4.65496961763121423e+78
-4.22921520183099620e+06
-8.89603470651929598e-66
4.79265719466830789e-50
-4.80686788937790671e-41
4.50573293487881695e-79
-1.40655905303466729e-20
-4.56977525221189955e+50
3.02617989133543988e-80
4.48589545885488586e-36
7.38993177274904918e-68
7.08777425797278604e-07
1.80168419369659335e+43
9.07121327279641434e+99
4.24366511633970446e-30
-2.11190045350185240e-50
-6.06052642887944900e+47
-3.27607582531816374e-61
-1.59833760048725625e-93
-5.36384924443217326e+32
1.34077346372224713e+34
2.34667108622910189e+90
6.98910237362688959e+65
6.88147677311359635e-23
2.06794304311669025e-36
-6.14413079579078576e+36
9.46977725973272887e-92
2.26902100210963647e-37
-3.17976986204977010e-24
6.80139804128725104e-70
-8.78626318835612127e+93
-7.15006178166188062e-95
8.83254550193560419e+01
3.28263772119973128e+21
9.55546631995344479e+54
7.79522755036433227e+04
-6.20997928944587555e+10
-7.19259628860055351e-25
-7.17592742541238652e-13
-8.80687839844364030e+26
-7.68256162971322414e-39
3.51391207269478173e+54
2.15479582044032014e-82
-9.92461271340323800e+15
5.85232857672554554e-98
-1.07056307305053759e-22
-1.39299239924446558e+46
-9.50538603529802536e-58
-2.03270958204063672e+13
1.01537922748706324e+20
1.55177151276185253e-53
7.03074137416787087e-35
-9.53180098887542522e-95
-4.19236245745662574e+26
-5.50597393183267186e-13
-7.53610253465477657e+06
1.26187346685567658e-63
-4.64368912742153828e+13
1.36987103401442632e+54
4.66017992117362453e+71
2.56391659377183031e+14
1.95688009050120895e+39
-8.07634455152669649e-20
-4.36571589692450058e+100
8.81268632997221885e+54
-5.85084221438021345e+94
-9.48947547372935798e+75
-5.06474650430616134e+47
-7.67803317820947391e-86
-9.64878229687814241e-27
6.70602499445904056e+51
9.86121081494784262e-37
5.28338067798199184e+49
6.69876523152803396e+22
1.96303563270518655e-03
-7.35630484726448995e-93
6.93131114747133198e+68
-9.74093010809165418e-88
2.54526769412253838e+100
-7.62245226615056190e-32
3.32342853422886877e-69
8.99284845291473209e+89
3.16123654300355900e-40
2.13410667297591053e+68
1.78139915503063488e+32
8.73914151760251529e-100
-8.09992550059594558e-50
-9.78941341029023498e-91
-2.21416085061271299e-02
-5.40077735027052523e-68
8.33647267029722571e+08
-3.56954697472677498e+81
7.28207582846668697e-56
5.22762721516365227e+82
9.57675499484270411e-40
4.13163880338238900e-33
1.19332885460381448e+02
6.51619484284200281e+83
-6.63334733734992688e-69
7.84803609635680199e-59
-3.67104698380906372e-27
9.75870823438584059e+06
8.71681683631963086e-21
-6.20196035870864716e+10
9.71332341290281594e+46
6.50991874789284161e+82
-8.91055281392178950e+48
3.87982216022220898e-83
2.39968812899236025e+76
1.47077457698710463e+67
-5.76161646307519443e-68
2.42674305926493561e-82
-2.56401895415360432e+63
5.69243929177272956e-01
-7.15507810233282447e+44
1.84800159393356586e+09
5.21160246785125481e+87
9.74366275921240823e+59
8.15866793868459096e-10
-4.30326931917969542e-91
-9.60154688370934448e+11
-7.90938052259029872e+42
-2.09562935736376396e+29
8.53005057062510265e-11
7.86182934173836685e+58
-5.04280726154446484e+02
5.58236958943502563e+77
-4.42793916073755861e+39
6.75055134338008975e-66
-5.37014244540868639e-25
-1.97973869801994406e+36
8.89397822498611151e+93
3.06508993358079366e+47
2.09080515831592782e-51
7.75927133263333130e+11
-6.58420322743437791e-39
3.60264671376429358e+06
4.04617635823995955e+18
5.42118143677212050e+00
-9.73268384935832024e+88
2.06045785718438387e-21
-8.53386994897285770e-83
1.45565169397286836e+66
-9.01883185795145611e+53
7.68983526126398349e+55
-4.42090721398110267e+38
-5.02911517502760775e+98
-5.14819034221099694e-37
9.63526574565170434e-48
8.88754072056951126e+31
-4.43368613509001703e+90
1.43089122611691512e-83
8.30985881404345036e+07
4.68553387088573216e-16
3.06264766433635507e-72
6.39546622191535706e+26
-9.75400686302953668e-61
5.94406220940131698e-82
4.62017285953060120e-69
-8.69363969938716536e+01
-3.55456169453809942e+37
7.55488740529554850e+20
4.93049748359078357e-03
-5.52876184791786883e-89
-4.03077009177368240e+10
-8.73349773603490493e-98
3.80978751002546762e+34
4.31827442215512052e+31
3.26285679057819658e+59
2.75696375450736363e-14
8.66033532985840173e-46
5.93736438509589659e-25
-2.90127600598509574e+71
3.71684070877249490e+38
-2.54799995695356019e+84
6.07890014813574956e+43
-2.64659962316515049e+29
-1.14097045806372007e+89
8.11700620559193635e+40
-5.05255094450945123e+57
2.78526945246791649e-99
7.43676731751879090e+76
1.29693135610397183e-11
-9.01398790395384436e+23
-4.63168718529330578e+91
-9.95090330393385479e-65
7.71378103257212043e+08
-8.73750056669663855e+20
8.48880192539254385e+56
-6.43634447473759187e-84
-7.52651967140115088e-84
-2.68083358853603575e-73
5.00388058740270148e-12
-4.40122365938542756e+39
-4.45599113271875441e+78
-6.64646269866738128e+64
7.74126682766217314e+20
-4.45135514426204168e+02
-9.04512815208716470e+23
4.95750916967633259e+02
-2.00057820461669440e+16
-2.16951492135549487e+23
5.06555894294555404e-93
1.75942815943962109e-97
-6.34740028773030516e+53
4.25859918680866319e+46
6.41558485097173404e-99
8.45342859397190743e-50
-3.75513393937795655e+34
-2.21103598566334887e-20
-6.66929018728708900e+15
-1.12894357668686714e-54
-4.32339941732280552e+07
-2.97924716019141147e-49
2.75255407348016689e+91
6.46848565506499870e+93
3.45860633826316287e-23
-7.28264191194876294e-38
-9.16943413414111349e-44
-6.44994929673586466e-55
-4.44485479081201608e-69
-1.07862400025627162e-90
7.17403166966680511e-47
-6.66140978377446195e-91
2.48810361407735601e-66
-3.01052032321962502e-47
3.08619844992878622e-17
-8.66405947847539767e-60
-7.72597669191400409e-06
-4.89302603998342239e-05
-6.44612513156793412e-83
9.56836424033861741e-64
-3.72381014628516321e-71
-5.62815269433508923e-10
-5.81137365140568271e-55
-1.54024732491479187e-44
5.16636395609837493e-21
-7.09832185926031684e+02
9.02310085836571526e+80
3.69633113551266871e+50
3.00074705662408407e-43
5.88637406290619132e+40
-1.09940008024836693e-18
-7.75068657811355587e-42
5.41025976232734546e-47
-9.61314545498563064e-48
-4.72037089910381781e+33
-1.01706755244819863e+13
2.96898451786344004e-79
1.06170001460091207e+58
-5.00118038426358229e+94
2.38224355088295312e+12
7.70950303302111562e+13
-3.18880265087174098e+97
6.92668817990908015e-77
3.69996225949874393e-77
4.44793073545845687e-68
-8.15079012036558398e-20
3.38888058737742483e+26
-2.03801598295393796e+27
-4.58169408911927948e+10
-4.24254267715696783e+97
8.53720230875886992e+73
1.78161822660674611e+23
4.20078788206891445e-53
4.00447226012378570e+47
8.29190718506892392e-81
5.31706448953474343e+08
9.85080220281443330e+33
3.58856310996923167e-01
5.42187082436023778e-05
1.20402699659161499e+44
-7.43296349265158366e-40
5.01565960772753524e-33
-4.65300171282400096e-84
9.99681310226012148e-72
-4.94392815453105177e-08
-6.62635455110660510e+22
-1.85595677070922338e+56
4.39196295105958848e+29
-1.88766603389438715e-72
-6.38048224441884266e-07
-4.11569039814790353e+62
-3.23702466091481207e+71
-5.93051533332386713e+29
-6.64829767011621348e-88
-6.73585301314333442e+20
4.70020555760923056e-32
4.17988319044348732e-56
-3.27159750995699696e+41
-8.06433310326012807e-05
2.82036743541378613e+20
-4.04498221448750941e+24
3.57373319721401119e+09
-2.00802957792509821e+20
6.85800587941395875e+76
9.14125311509027434e-03
-7.33080000238290551e-86
-2.86313591110794641e+03
-4.73248771043916282e-58
6.65613720851858648e-65
8.58155341649411741e+47
-8.17149347872002071e-08
8.61785998738187263e+84
-3.97227314323528734e-98
-3.98653416537550917e-81
-9.95000263817899995e+26
-1.41524500000906041e+53
5.22461973947920304e+24
-3.08040340016121973e+12
-2.38035895385480062e+14
-3.78154141416762918e-63
-1.39535422400446715e+36
6.07095446392050612e-27
8.24818880203202495e+41
1.75830073926241311e+97
9.13216309369800419e+55
-3.04444247245886106e+61
-4.56374855751497720e+26
7.30963809658409475e+93
9.18433612418113470e+08
