7.38265468354300469e+13
6.39948303591454775e-41
5.90531127769862129e-54
3.78215588559642181e+62
2.49882480274057132e-64
7.83772091718958102e-44
1.32985404215564400e-58
-9.25503745885134221e+64
6.04508370546620853e+61
1.29111784740083776e-61
-4.95963858451127855e+65
-7.13040170736338871e-99
7.67529684014617151e+69
2.07235303454184564e+40
-6.04321498865248576e-54
-7.84483640437156420e+54
-6.88785957914657295e-55
-3.15306642237650298e+31
5.11645560775366456e+31
-2.94589282876225073e+73
8.73954818588073940e-25
6.42906672458889188e-50
5.96247778871404655e-37
6.28688300436210289e+34
-4.29333094127111260e-29
-3.41732546357142862e-31
8.10949053025650401e-67
-1.94180988370261438e-52
-8.08909725254701646e-11
-2.95972302780493750e+32
-5.91646098766733135e+86
-9.36319158469921160e-12
3.05283938283884865e+50
1.84072304952178524e+03
-7.19416960149375814e-65
9.11917517520264900e-34
-6.88145336663503305e+22
5.22110143355019684e-94
-9.56998462190113260e+19
8.16828347629384185e+52
-2.99412872925108325e+29
7.67909208050748305e-35
-1.36741826422708687e-18
9.79105783819303040e+16
-2.65640769762117561e+04
4.84823659596016066e+75
-5.80318234030774281e-50
1.33656928350896126e-15
2.41726599232326089e+00
-1.82979792127516428e+33
1.40675506437616937e-89
7.97585739829418106e-31
6.82813022850737459e+18
3.58664006972167588e-05
2.46631977059051636e+11
-5.03417846402542521e-07
-2.65529527141564895e+26
-5.32972142265667115e+89
-6.70953351124606370e-71
4.69040829147427743e-27
3.94053574819398400e+18
1.95680837854716316e-67
-8.56246760176633705e-74
-2.60715274747032832e+100
-7.74537243162293250e+27
-2.66569377825692519e-91
-4.12027708977212096e+04
-2.35253309776690066e-15
-1.85389111508153452e+100
-6.82628229078277883e-06
5.94248951955450363e+86
-2.22271240708294954e+35
-1.89629378958059694e-25
-5.96530362027317532e+89
-8.05862146779138052e+31
8.02932215468340663e-90
-6.73357328181031625e-71
-9.62621302394694850e+49
-1.48273014576006286e-36
-7.61188494788370238e-15
6.30380115404330540e-12
-4.92835841374694647e+80
-5.48168944516256720e+16
1.71742112762708420e-75
9.62626408793302759e-13
7.39147187469787565e-70
6.53867009790112839e+10
3.12178504175440938e+71
-9.87274786581591373e-69
4.14349692606868604e+45
1.81985119586882630e-38
7.57186521934612395e+83
9.76594465955831576e+31
-8.40057793099399741e-32
-3.96713886112981385e+32
-6.86314214342039983e+22
-4.42562279360299564e-04
-1.61195324690799778e+30
7.88671922824715111e-31
9.84233373870981414e+23
-2.19313863961978955e+06
6.02702987474598685e-80
9.42272149270872890e+74
3.90074738295052694e+68
2.19660379539683053e-68
-1.17808030229642445e+44
7.52373671437508962e+65
-5.04876974748807522e-28
-8.93824712411815971e+69
-8.88945837921526088e+20
1.56415687338508604e+02
3.55051679011774823e-61
-6.32584189574546098e-92
-8.50016744666620920e-19
-8.83631221865743317e-61
3.97567980907619312e+03
6.11784994138831072e-75
1.65499488680487317e+27
6.00543878887431166e-07
-3.30395710615062123e-20
-7.87962563843383763e-38
3.77117563796477876e+38
1.96934086435618686e-41
9.81492458251667610e-31
1.89307414175427875e+04
-4.36324777763923352e-02
1.55152505059639703e-34
6.32958629317547283e-09
9.62431598754122468e+98
-3.93446909012656643e-43
4.80693248848691288e+45
-4.35862291095113692e+82
3.47434680187016315e+20
-1.42010129332636637e+34
4.85320524060294935e-24
1.05421893629563688e-25
-8.12757319256125197e-75
-2.87690852137949268e-35
7.64656354048079948e-08
-5.17796266146387639e+50
1.43499591286699526e-83
9.74911703230992352e+35
-8.44616341281507542e-87
-4.84002544257887923e+64
2.19079288961308431e-55
7.64855902183892207e+86
-5.10565467667372611e-38
-3.62980887207280565e+76
-2.25037854627343807e-73
-6.74417634393111369e-44
5.64642970637290947e+77
-1.66933701789310698e-72
3.86409268872146371e-21
-5.74805057256859713e-93
-3.93299467035460578e-41
5.06397521145163925e-67
4.29650569583196073e+44
1.52787363898921476e-48
-8.95079232213400428e-68
6.78011164964401821e-98
5.67088720672704571e-48
2.60392233401548509e+62
4.07559501656971288e-28
7.55203629564946731e-52
9.29164413717068124e-84
3.53227782219652273e+29
6.15869795586033060e-61
-9.42706621357462477e+24
1.44952020405348934e+99
-2.78392406748806564e-51
-6.40080475479714938e+67
8.80031158351717753e-23
-7.81379118143299485e+98
-3.27233008229574368e-50
1.30583751226400987e-81
3.21907060948925722e+84
-9.97503743576634823e-31
-2.41371875236657971e+18
8.14369030018289282e-60
8.96290430280037146e-99
5.54383882080269382e+92
-7.66804279336709995e+100
4.15172479717210757e-26
8.07635929650451851e+09
1.17254368429776809e-92
-9.62890134900094770e-64
1.39964911930840163e+50
-7.72454412236176820e-31
-6.38038888607418160e+16
4.44985058612943240e-51
8.02390443387636777e+19
-3.58829545977906880e+17
-1.44354590531138902e-32
9.33495133724519327e+21
8.26975699078081592e-19
2.37877899608284715e+45
-1.12272943207420422e+23
-9.76568207030146313e-10
2.09078530576528263e-85
-1.40704577437889384e+21
-3.70131410652680590e+42
5.03408253197184628e-81
-8.11151272932120344e-40
-1.34503968988636752e-51
8.37731481410432680e-69
-9.53418110291765051e+44
3.68557092209896899e+23
1.49332641706641347e+87
-2.95997825789244092e+39
-4.52338285766627569e+41
4.42224237792051367e+81
-6.82202178961148836e-92
6.41288163505524208e+04
7.09485361393296337e+56
-3.93404763336012820e-92
2.01798376940280502e-92
-6.52429441283689361e+46
-5.56199837024374556e+23
3.55666700458528607e+66
8.15512764356758507e+42
9.32481068886345107e+52
-7.11348298711125362e+23
7.32877589692643144e-87
-2.59512969900065400e+01
7.41864540203781640e-83
7.79467303317337647e-86
-4.58500017002659273e-18
-1.78054108078602020e+63
7.52004754543301664e-50
-5.64734878170751046e-71
7.38258785632147855e-77
5.59975141998099685e+08
6.27481400160580990e-42
1.93664620967837164e+00
-3.15527445182226568e+81
1.46531261119022902e+42
-8.48912260809744379e+68
3.86872580480562015e-70
9.36568656238967437e-24
-7.77942647204947024e+85
5.69959984722164790e-23
7.61705653823640770e+34
-3.10044388687223252e-86
-3.23656307150258844e-30
1.46105639927339298e-65
-6.41115353134114421e+77
-1.43778192323655210e-23
-6.12783908998250185e+30
1.34790882759427168e-90
8.98561797021572890e+56
6.36428558282392883e-89
1.68110566808453200e+81
-9.35600263227138399e+98
-8.86025307887698525e-75
-2.86667871550903793e-14
6.57843892714675734e-94
1.12499863570152452e-10
-8.93243305158358325e+00
6.38694291444782695e-58
4.31387904403266018e-48
-6.74905724638668926e+75
5.17743383884416648e+40
8.53055727474049072e-88
6.16081872590234327e+44
6.67003460826128396e-75
-3.68275984164872847e+05
-7.58019024745012728e-05
-9.11958107304924414e+12
-4.12462648830857317e-07
7.96296629917126353e-01
-8.08449024698627727e+28
-4.60081572966391035e+21
-7.50017406203805479e+84
9.39571021710311158e-26
-8.42537199551163541e-49
1.68078560422886658e+11
-8.82718739947434019e+75
-5.08415578306032989e+96
-5.54219412960763400e+87
4.83577414624314956e-59
-8.57926938681088555e-11
2.81496239417013586e+08
6.81710206205946228e-84
5.06048621847039375e-31
6.78516082535687262e-05
8.71264524960661409e-85
-9.87698076009648152e+60
4.93014299534521294e+09
7.15161555758265988e-90
8.75013933998513285e-90
9.57431549999816202e+93
7.99033429582315724e+91
-5.39351754306453711e+12
9.71880199152599846e-05
-5.59716803316281282e+37
-4.31432362583421712e+86
-6.80117354760680808e-57
-3.50694900481203810e-39
-5.28260506543917236e+11
3.64491323316686699e+38
6.76201357483066172e+93
4.25678955876238856e-52
-4.96381476073711825e+34
-7.37183221412985202e+71
-3.68528016533796498e+67
8.09384656522825465e+99
7.95498130659671935e-83
-9.18733197858773583e+31
5.70924412460928178e-11
9.76513430687174868e+29
-3.97198441214297791e-36
-9.35552705007924635e-97
7.09322574240369541e+19
-9.77810861010397921e+19
-7.95495121618084223e-81
2.52371815647421493e+22
-6.38748438601190103e-18
-9.90755366897189389e+35
-9.09809714731641281e+30
-3.68820350271846659e-75
2.03228298183006123e-59
9.67874708070866905e-57
2.35200920080515414e+08
2.46027025215111014e-36
-7.48878170201576347e+75
3.17974325435673627e+24
-1.68072581255162722e+25
5.89751704929168571e-79
-6.70772952910976354e+60
1.84164158850851597e-22
-3.77606362648820684e+99
4.03944017546292506e+56
-1.25657378576923834e+54
-8.38689497996469580e-02
-6.68364882723254395e+86
-5.81744455583423819e+93
6.15501876135559448e+11
-4.93830648592488681e-52
-7.78724280390242808e-28
-7.80981713498189151e+02
6.16982481725953522e-85
-7.06386738738723598e-28
8.78609783455623317e+72
-7.82730306447184128e-33
-7.24926362420931213e-34
-1.58832767555226702e+89
-3.56466757742757741e+24
2.61760626541525214e-50
-2.18643715553279088e-17
5.34337941792512737e+20
-1.37210225166038785e-01
-6.73896158476228173e+83
3.84361709814994174e+20
5.09556293239392611e+86
5.46478585017546309e-48
3.05687120795131031e-82
5.84431774530816052e-86
5.30645829991793765e+66
-7.95833870118959320e+63
-6.85864105126975712e-40
-2.65657365214366382e+03
-6.62669018942372609e+86
-1.94133039597288531e+14
3.87257120451143889e-09
6.01177194885748493e-84
-3.20026695386685112e-57
9.74015922718617250e+05
5.92581902889376327e-19
-8.99533128827037104e+85
-7.58771212585487887e-90
-5.73104851471109047e+23
2.82486444240697319e-10
7.88714793065181351e+09
-3.29140653124953591e+44
-1.93228437078801413e-08
5.72217962667205884e-02
4.62276531470795230e+76
-8.73862562731536762e-69
6.22583305170853462e-77
-7.46026078677239235e+19
8.36479786294307566e-40
9.99033030627940893e+08
-1.55091977116029281e-73
-2.44541466973175341e+97
-3.77314737529903468e-97
6.99868331792400384e+18
-3.96494045484191066e-60
-8.38310346887146360e-31
-1.60448300793022008e+04
-7.05630420948266841e-23
5.52903388002986160e+16
-1.83959017369041677e-13
-7.32983332894955032e-12
-9.44689990759050579e-31
-8.87113264759643161e+54
9.22670018561286461e-70
-4.67453643109160952e-24
-4.27659320831155844e-87
-4.99846076960581687e+78
-9.12209660982323743e-84
-2.71214671535067865e-74
1.65137494623735736e+65
-6.30938027862012029e+08
5.40979927551065754e-61
3.47351429285369759e+35
-5.91809687080314199e-77
5.02976695972953302e-77
-8.66370762216278560e+16
7.83668092870528328e-93
1.66609428700117634e-99
8.81976268557408736e+50
5.25488154687376413e+73
-2.87262580186828300e+25
9.05641168665008161e-87
-9.23645039584191363e+03
-6.47483540473259477e+51
-9.55428885373477985e-92
-6.17310668703508186e+09
-3.13782890064766400e+37
5.69216909996110656e-46
6.10077654841983095e+30
-7.80524435402786451e-46
-5.33237548743007757e+61
-7.16405418468498580e+37
4.31521639026781928e-62
-2.44261261922045670e+10
1.94405475677865974e-80
7.69561925438814588e-34
6.22190285610197870e+21
-1.65933025820562066e-33
-2.07985685689350586e-70
9.94963760203801451e+41
-5.31263757849158002e-41
-1.39757771817288429e-55
3.70272895642996766e+33
6.91399111458573263e-12
3.44206669377918060e+30
6.71963120924823001e-55
-3.51595250883246840e+16
-9.27028679445757747e+18
4.23244409910718600e-01
-9.77850759859763816e+23
6.24229401802343857e-72
7.72516782961675313e-04
7.11683661483067800e+15
4.81847175709992338e-30
-8.56646520951450721e+50
-5.84660175938932981e-82
-2.65971065513159180e-03
-2.78732766679249945e-08
-9.65683544995252140e-16
-6.07818966269220873e+00
-9.21506292690403336e-96
-6.76830988944738874e+03
3.92241567967684082e+11
-6.55689115647712017e-87
8.97616726132365310e-45
5.41133033861850903e+99
7.46113857465642396e-27
5.53324102926246064e+48
1.29063254843382241e-22
-7.46087468049835637e-85
2.49123537911966195e+64
-3.56512624766486455e-79
-3.24503165206974186e+74
-6.34496659436583371e+46
-6.45808074100730274e-37
3.68129913649223833e+89
-3.86331747232186834e-74
6.63839891497220607e+29
8.36633067715202431e+77
5.42455627842627607e-24
4.52247912381617590e-70
-1.95531226864757332e-31
-2.79703688948570897e-51
-2.45604247418014632e-38
7.58340814979706464e-49
1.80963302544825841e-22
7.52911341590248540e-29
-1.03839262540857119e-13
1.17355442692598049e+07
4.80778754439403170e+36
-8.31630811584890424e+32
-1.75333569216238867e+22
-4.50774612789507872e+37
4.07139038396928004e-17
-9.40081420970133590e+95
-5.52725679661131981e+18
2.31685642124245484e+19
5.77720073733927903e-61
2.96678740202634789e+65
8.00111096998844511e-14
4.02260218577511273e-57
4.20165801243338639e-03
5.68257176233577137e-64
-4.50492686740705382e-61
-9.40936318228949681e+97
-4.50988172826391690e+02
4.10115152167886242e-58
7.26439273990328194e-77
4.51288291177201188e+89
-2.81372434268689680e+88
-7.68129879223432511e+36
7.03488604558347797e-45
1.46923229646168024e-36
-7.39137651107763156e+81
-8.24194754849710901e-85
-5.37663162529236669e-99
1.27128793376491172e+50
6.86357879909781041e+85
-8.00454379213525895e+88
-5.43366327879371962e+92
-1.51795324212786138e-17
2.06274956295484489e-15
-5.10043880976798510e-28
8.22250767483477496e+92
-6.31840279232973383e+49
-5.19462611152968152e-53
-8.10499203979045240e-68
6.62481475035731886e-88
-7.24604619625742484e+87
-9.37208430013669335e+82
-8.68561474463105574e+06
-4.16009481858959542e+93
-8.31924870183501811e+91
1.91591816562773677e-24
6.07962464792704905e-61
6.33883004961912526e-65
5.78118582426536649e-56
-3.66517472902647663e-45
2.24911535204916873e-72
-2.91996407016556168e+03
-2.93426241741967812e+14
6.54957787970993729e+66
-8.88125481387132058e+28
-6.70938280034018525e-94
6.63551249186766198e+80
9.68907359068744231e+99
4.88896411326889274e-40
-4.07057366120225874e-10
-9.41227621691751576e+42
3.12124370775580627e+11
-7.10371731800589917e-32
8.79788976169216904e-09
5.95469234358635893e-78
9.17297052644753632e+63
-3.55917681176661055e-72
-2.54873079112076517e-03
-9.69442939469011897e-21
-3.32183907659503548e+90
4.98445870105530700e+39
-6.96417015017226876e-66
9.22900419070124606e-30
8.69691360814411376e+81
-9.89309276706834511e+62
-7.25147895155366396e+65
-9.28472648080063973e-24
-4.59615393556360162e-44
2.90086601433467719e-20
-4.27407539401521033e+88
1.57614175059457667e-66
-5.06560648191533012e-29
3.70674824531896971e-34
7.08842268415985195e+70
6.71555745930382346e-21
6.30995573712023471e-05
-5.77892873599559538e+79
-8.93871766961338589e+67
5.91402573182703930e-87
4.37631170079599292e-57
-9.25056520921386410e+73
9.57243862869859854e+89
3.52811449500748857e+33
4.03589993358613482e-55
-8.20664278872213436e-90
-3.24155093696626717e-49
7.43950107492219632e-14
1.62433866265262162e-17
-7.55883399679647570e+40
6.66032809253744515e+21
-2.61180239295790252e-95
3.00738119463897929e-88
-7.40880397711147641e+55
-1.00400261348938412e-27
-9.74589045304806922e+66
-4.52661307012742675e+95
6.55339347817013105e+59
-6.59164973308803443e-92
3.68480740678599462e+98
2.08061987556293635e-75
-7.96386071986380361e+39
-2.64288150513472106e+92
-8.58408580597617308e-26
-5.97472281863009172e+85
8.56446337094398143e-63
4.11397048718057719e+25
6.39410486894089681e-77
-4.64028132106447813e-34
-8.97192433618264409e+52
2.30936423945289441e+44
-1.62069375565361951e-72
6.46937954579274753e-06
-5.80562334943266327e-14
1.41713963874416388e-04
-4.38002504678165020e+82
-7.15719991035729224e-100
3.56796918350766308e+99
1.84471881883543945e+83
4.44808019067677077e+81
2.65270466270837832e+89
3.36197081596298399e-66
6.27134785312563672e+13
4.17039292107376911e+81
1.74383625586815654e-26
-2.97024133378754750e-32
7.21658599156512505e+38
3.06367308714731990e+99
7.17556122713802948e-97
8.57967169403310227e+61
9.56726721141718947e-43
7.66010629077110569e-89
6.81487006957305023e-03
-7.10503736880822434e-72
8.73940622306293118e-14
-2.84882946111407309e+69
6.27646519016363435e-70
4.34014550478460118e+25
-7.75073993594828718e+99
1.99448830268713029e+25
7.32043905962586513e+61
8.56764761487506722e+21
-7.33474890996062373e-57
6.47193154993262725e-94
-2.00067455390043836e-38
-6.78304727248255921e-45
1.95255778824348349e+42
-7.95119465443965225e+01
2.38587174840510316e-95
4.62653026716994959e-59
3.23175420539328708e+96
1.44748477452643604e+34
-3.37245638133339252e+95
-1.71395941165899003e+78
9.48434797513376428e-03
2.95386914950945547e-13
2.92090564085750319e+07
-8.87814372990387105e-47
7.87391991914288309e+29
8.20668010667207534e-15
-9.90356310902864105e-10
6.42089651518772562e+100
-8.51602203631554960e-06
6.91309797102852759e+35
2.45585232531029809e-75
-7.33088106860022455e-37
6.52231873628588213e-03
9.67802744924535791e-79
-5.93750511096214850e-65
8.77249414922171290e-89
-4.23865595523189589e-74
-7.75430584691509272e+93
-4.08611638500491550e+15
-2.92618866105527611e-09
9.68687100234327373e-51
-4.29313445641852844e+47
-6.54145105454575616e+19
4.54706770371817507e+90
-6.46805949551443284e-45
5.80670445319231719e-76
-2.90280135611241478e-59
7.12055553518846495e+58
-9.62742963256936836e+09
5.11144282373587742e-19
-3.91823661515421365e+86
-2.73691285833175463e-35
8.88307906133697823e-55
3.32097973783927676e-23
8.11678812302954651e-88
8.57307271094633926e-11
1.40072475545562385e+62
1.43165496865521027e+64
9.35674627690171015e+22
-4.29365418725389814e+69
-4.69586639964917496e-14
-5.06598240851974715e-51
2.72185104604092387e+78
-7.73867227893202692e+22
7.92288661644801217e-46
-6.73360870511843256e+31
3.43996473932928755e+38
9.93591766481753125e+14
-6.29420656492944895e+47
7.49477811917213798e-17
-1.29960523535751257e-80
6.43565002928977551e-39
-8.66739790410562273e+34
8.53022731143122583e+77
-9.57669825001938484e-82
-2.67395315653708385e+04
-5.40896358637558629e-22
9.77176882152521965e+65
-8.90871258155014163e-46
-5.12257937294898395e-27
-7.70652657007466841e+66
-3.75134466187470134e-92
-1.22574772997903369e+39
-5.60301451832162412e+47
9.67083810744745769e+54
-3.85050994058666530e-18
-4.23499151297379178e-40
8.55442083659804139e-78
1.35414878488503239e-94
5.40904715200499701e-23
4.93165061182605756e+39
-9.56176428104484472e+49
-5.36464395758523310e+72
-3.92740806888214493e+01
-1.96980461107251518e-36
7.71663234100454287e-37
5.64574961330071044e+37
9.36333771445817604e+86
-5.86264738823596923e-19
9.96280700568714535e+75
2.17911008028772729e+12
-2.53223950779854337e-72
-5.92069027217610601e-84
1.49661314183358525e-93
1.16174058225746073e-95
9.39802376580663108e+44
1.52215436495936734e-71
-7.13463860727828238e-90
8.83840332598110417e+75
-1.02080747605779005e-58
-3.69812785544064539e-80
-1.47846299495128475e+75
-9.04937061622568858e+18
4.84019245172822966e+20
-2.06996474562828220e-87
-9.62723221400317296e-29
-1.02892531173202185e+33
8.72805079507235959e-90
-9.57090551424325349e+03
1.97388565439945594e-70
2.76597286277920915e+59
3.97346688023797052e-95
7.04722803383784000e-71
-2.23322929737799130e+07
9.48425650398293123e-30
8.71430793559812508e+91
8.26552185942200295e-14
-7.02247532415320968e-27
3.45438093998738701e-95
-3.51683678822676190e+29
-1.14093649836649607e-97
-4.67980109069741510e+33
8.68019004625884986e-20
5.68171047876251313e-42
4.31952764581402206e+09
-9.12994920417051791e+59
-5.46891721805612648e+67
-3.66892050794929519e+70
8.23926671337231678e+30
-2.01682340983933687e-56
7.71316240060007944e+95
6.21189700664225284e+33
9.07999933117056691e+84
-8.87408541589365403e-38
8.27228088613182891e+61
9.41408795536817332e-78
-7.52845339163910014e-12
3.68667357188056533e-90
-7.68782825042510859e-67
7.67178728498292604e-21
9.17473599596404089e-53
9.31612553394742502e+97
-9.81635209805289320e+33
-9.90202375206166320e-84
4.11873776447446546e+86
-9.94455333466187800e+26
4.09503263944203345e-84
1.99699354902646618e+78
-2.03422817177332862e-52
-1.66365751054390404e+67
-9.66388810477542443e+83
1.25443744022130018e-66
6.53451230582599318e-87
4.78100846468952751e+09
-5.01268257608268305e-81
5.24978060123022362e-20
1.08913072775771050e+06
-5.58863094850818724e+46
6.38586256947703735e+11
-3.76707490159434126e+43
-8.43186852633125017e-44
-1.31507127031492610e+43
3.41652069537305176e+12
-5.87239609806011879e-21
-7.87169193723692319e+20
8.37786753805521437e+62
8.36504820872691803e-11
1.33468030444969656e+22
1.67955371032166632e-87
2.30249066713794861e+11
-7.00650456408405957e+42
7.04564082784374885e+68
1.38352479412875250e-69
-5.63579443490645892e+36
8.62508105201023027e-92
-6.90858398513910100e+92
4.73275392140852381e+06
-5.97448484132674665e+50
-8.85091478916449552e+40
7.58739654991605978e+46
-7.20917049189643457e+12
5.68917921302389836e-76
2.06906262347982973e-77
-8.63977548359904250e+27
-8.33819236794139935e+21
7.65615850389598939e-21
-8.84746479932279790e-39
6.89507870360919292e+92
-1.82878620871147491e-56
-8.03578098933827423e+55
-3.78468940133234118e-11
4.49177269004500000e+14
-5.61127542355156050e+93
2.44812961047093432e-24
8.78597812907532440e+05
3.35993791885397583e-27
-4.20574927404477865e-60
-6.43689616373695921e+61
9.97481699981340995e-66
-4.73164366756534195e-09
-5.37607204198560599e-47
-7.79938817565203780e-83
-5.58603592031471979e+28
-1.07148484546810252e+28
-9.02534435651998381e-42
-4.22374829958248391e-02
-3.37901671211948689e+68
-3.10140332382514308e-68
-2.35537175895792411e+93
-8.62902939526076107e-27
5.89751700007122032e-32
9.70460686468228125e+14
-9.49488310898816394e+41
9.27021841623624931e+76
5.69815804915969842e+05
-4.35915745782426163e+33
-9.15504151491150443e-68
-1.14090932452849407e-90
-3.38281942785742745e-68
-4.10580147997867896e-68
-7.03053840311597139e+07
-5.30935714786404042e-100
-4.50608722572287379e-90
2.47568821430748736e+71
-6.22379435095503028e-09
2.81513165154612347e+90
9.17186622749380396e+76
3.73387213620378298e+52
-3.18205362515885067e+09
-8.74435241363357091e+24
2.26542783482492151e-84
8.46907342484563230e+00
9.53976485516147001e-57
-6.23084905452840184e+80
-2.51323638078600872e+81
9.05743359723613394e-27
1.28517942172708412e+33
4.32558737400980293e+67
-1.97696450726756130e-72
-7.90742298561643458e-35
-6.95297758825798204e+28
-4.40817366087422818e+07
1.98210437023751004e-92
-1.21226372515340131e+88
-7.24625092774837243e+74
-3.43842414935721638e-55
1.88264211928473779e+66
-4.11641895025811200e-54
8.91713468009009756e+51
-2.93192177384962350e+72
-8.10346592521672127e-02
-7.91249017755093276e+34
2.23774879637065192e-38
1.81529004657180763e-76
2.73648246976360902e+07
-4.80432433570601789e-82
-3.24981295664668918e+08
-7.83467090682424962e+83
3.29691028534123525e-52
1.25464004153025671e+04
-2.91327111164668910e-50
5.12703452578457292e-47
-2.12340001346371962e-75
8.45441328788010421e-64
-4.08747181381537494e+00
5.20216327639492842e-74
9.09418245777767748e+07
-1.63264503238600467e+84
-4.69263327481540935e+61
-6.49602264936428076e+59
-2.27946715202604800e+55
-4.57582526169972473e+11
-9.25770547431563721e+11
-9.58674124965834684e+97
-1.03557972328131024e+91
-3.88207293725245462e+94
-1.08145919244406202e+73
-5.44803033840980874e-02
-2.25439356044574982e-86
7.25779274273854321e-90
8.76964899584864843e+52
-7.81893451359657530e-28
-8.73023530008819232e+53
5.82401148235266339e-38
-4.92767935770850772e+68
-1.31760956148420178e+88
-6.15968400046083872e-68
-7.31208494695318274e+64
9.06858888196395827e+05
-1.44743472073262432e-51
-3.69674330610376142e+05
-6.79465321145679085e-93
-8.30377055662172164e+29
8.40825734450150472e+97
6.29184916463146012e-04
7.73875582154964894e-81
5.38985160885951260e-39
5.11939844511199626e-91
6.04051312413195348e-14
6.93307540661207340e+76
2.41474570494887529e-73
6.33716875510115431e-69
1.79773076925493204e+78
7.03835385337425268e+74
-1.41595142615528313e+100
4.60157719227736637e-66
-9.69530016102147947e-12
-3.77336099726152960e-28
-4.99926540369623337e-26
9.62541742901720248e+74
-5.70297413058003703e-82
-2.13248249966575833e-11
7.42722443661288137e+51
-1.60906401575753260e+37
9.26012983721359836e-69
-8.29279666372413726e+72
-6.46777917354778606e+79
7.54350894265016980e-27
6.41640944003595880e-77
5.01617908354497274e-24
7.08731534496858586e+91
6.62911970750924109e+92
-1.64355076963550670e+72
-4.42763346213301701e+49
-8.42527776613631400e-30
-2.77246340057396253e-49
-6.98809994500233460e-96
-2.89368598925539861e+87
8.06658577541615296e-01
-8.90453059780962372e+10
3.47069087848590316e-97
2.84542948512937530e-45
-9.46244308747569858e+76
5.58729955698495539e-45
8.19938131228704202e+30
1.82551977407008656e+97
2.06344630130087250e+15
9.91220490457683861e-14
5.38304978233004829e+89
-7.17052543301884012e+79
4.98375287114831416e+62
8.70946465576517046e+05
5.19958351863920376e-64
-7.45270015434283600e+45
4.00788992537243590e-83
6.29258330734849279e+23
3.24590099070451058e-90
-1.63505193634570149e-68
3.61977167794133028e-06
9.45746677740629780e+26
3.39169237874133378e+35
-7.33215393384391400e-69
-3.29455616794889990e-63
4.15013764954771532e+67
-1.97548375070182567e-14
-9.81519016186234803e+55
2.45799175852427451e+42
-4.09572717847176550e+15
2.81998027942928429e-46
1.92273585610607712e+93
-4.08450142888738170e+60
8.74669563312999729e+47
7.53653777161535756e-75
3.44900576196550902e+50
5.44633332049161667e+80
-9.07836195523046325e-97
-6.61410662408735182e+77
