-9.7751196621e-74
4.4412798884e-35
-1.5873999748e+100
8.3683903239e-61
7.1206797717e+87
5.0392677911e-25
6.2560436892e-71
4.1331407376e+04
-4.2565345697e-04
-6.6600471450e-43
6.5435012504e+87
7.7642348303e-12
-5.1566801802e-60
6.4544578588e-65
9.1272666123e+83
1.2768509917e+63
8.7847008983e+42
-1.8733052328e-51
-3.7347534277e-29
8.1854588602e-41
7.3048129074e+02
4.0456409388e-68
-6.1946363222e-38
-3.5919525698e-80
8.2911284509e-66
3.0429436007e+26
-9.4463416436e+99
-1.2008823843e-89
4.6760305564e+54
-7.1700933222e-80
3.6740690503e-47
3.1456317852e-20
8.1049821047e-52
-1.1998416627e-14
-3.5158937375e-21
-7.0381368038e-39
5.8553521896e-54
-8.2047085514e-38
4.0609180221e+07
8.3415602076e+66
4.6721554965e+54
-1.9044256222e-82
-8.0564322593e-76
9.8763150490e+74
6.4663616713e-30
-9.4698804507e+79
-4.9900181535e+15
-2.4124072000e+04
-8.0087239509e+96
-8.0297538414e+62
7.0637655521e+68
3.4947840425e+41
-5.7786725186e+20
6.7580088089e-26
-6.1222323033e-20
4.3023140522e+81
6.1350679578e-47
-2.2728587899e+38
3.3454613707e-13
3.8072640197e+54
-5.4394545411e-01
8.6572259314e+71
7.3920244382e+75
-1.6335153139e+32
-6.4376381534e-03
2.3120072345e-34
4.0222228652e-18
-8.8744851497e-38
-8.7428169942e+10
1.5879008690e-56
8.4232762135e+06
1.6189359700e+81
-3.2108461515e-29
-2.2235918261e+91
-1.8642793906e+82
3.6388921802e+85
-7.6486567601e-04
7.3214444151e-19
9.7851292196e+56
2.3042951906e+35
6.2769418167e-91
9.2544880227e+38
-2.4698364366e+76
1.8539932212e-31
2.1747371033e-59
5.9625731390e+45
-5.4817711993e-92
6.3137974053e+24
-6.1682181273e+90
-8.5098898709e-03
-9.5901898419e-62
-2.5522240394e-40
6.5873862989e+17
-9.2993932319e-36
-4.0348513220e+77
8.7812590053e-31
7.0606690204e+46
-8.8094157619e+18
6.4433174513e+66
6.0677151924e-65
-7.8905292461e+35
-4.2810903043e+78
6.5648239524e-73
-2.9120257672e-55
-3.8164374913e-91
2.0392964455e-81
-2.6510671853e-40
4.3767618272e-79
-6.2270109753e-73
7.9007608333e+76
-2.2697933529e-83
6.6969023522e-43
-5.0394982704e+90
4.3490634622e+25
-6.0368629386e-34
6.5361214797e+14
-3.7728478547e+41
1.4871313583e+44
-4.2450565901e-62
2.2548624667e-31
-5.5394407398e+72
-4.8486305185e+34
2.3060222579e-97
-6.9530575563e+16
2.8366965058e+74
5.1988648568e-32
-6.4970734718e-22
-9.4931972317e-13
-9.7108523567e+99
9.6279469448e-16
-3.0190912290e+39
8.4528652408e+68
5.0789387281e+60
1.3345384010e+40
9.6120783168e-99
-6.6299106473e+08
-2.4243579705e+02
-9.9218462556e+03
-3.7634064569e-43
-9.7848558026e-67
-4.4244889844e-03
-8.8324200632e-56
-2.7444596027e-61
-1.2600173479e-40
6.4980183907e+27
-3.4079048353e-14
3.9863532884e-20
6.5668020176e-48
-2.8750181624e-70
3.3122108864e-75
9.4609732597e-21
-7.4099008346e-95
-3.9468079135e-79
8.9289736819e+10
-4.0654661699e-13
7.5753732491e-56
1.5543154593e+54
-1.6535356940e-05
9.8406036985e-03
8.6635570938e-84
-9.9489322797e+05
-7.5881211826e+78
-5.0826232649e+86
1.4989415991e+50
8.1779347719e-89
-4.0942319907e-43
6.9028037377e+100
-4.4580142061e+59
1.0678129290e+51
1.2357082630e-91
-6.7271354644e-89
-7.8474511333e+55
8.9141911977e-69
-1.1883350426e-92
4.5897422660e-23
-1.6649996598e+08
-3.6518058299e+06
4.9122831449e+29
-8.0953458982e-01
-4.6943014935e-27
-3.1358200609e-52
5.2770432054e-88
3.0320853206e-42
-1.5367237157e-61
6.8333656463e-33
2.3552511615e+08
-9.1418270788e-28
6.6330164316e+96
-7.4515739453e-33
-3.9137330850e-29
-7.7818253397e+32
3.2632389947e-65
-6.5961235648e-96
9.3751998783e+38
-7.5758713423e-50
-8.5753802304e-03
6.2444816787e-89
4.0567454014e+88
-2.3351185111e-42
-9.9404966379e-42
4.5600854694e+14
-7.0256998207e-49
-6.6925543039e-24
-9.9460604766e-07
-4.8187348847e-94
3.4116377417e-15
-7.9398275207e-37
8.5953988787e-90
-8.8344951787e+36
-5.0298650982e-77
-1.5182533782e+10
-3.3419361133e+18
9.5617614972e-34
6.8306144421e-97
-5.1662288300e+26
5.3882513200e+37
1.0467140177e-93
-2.2020329429e-76
5.2840395439e-63
-6.4570124120e+55
-6.7139714962e+60
8.9985483901e+33
-9.8638120059e+99
-9.8638886327e-20
4.0734489749e-69
-3.1385535379e-80
-1.4821516169e-12
-2.7626089383e-52
4.9968087273e-58
-7.8851550009e+04
-9.9614340922e+11
-2.0476580080e+29
-8.7146492329e+05
2.7178838600e+47
-4.6413263047e-56
-9.1617547354e+88
5.0025018503e+75
1.8383340382e+19
-9.1870632242e+40
-3.0936307481e+07
4.7351430002e+32
-3.2395039895e+55
-3.1632622269e+51
8.3705652154e-19
-4.0049410983e+22
3.9929483585e+12
-6.4725903684e+48
5.5562109189e+79
9.9580209032e+26
3.0864974868e+02
7.1951605449e+98
-6.5897535896e-17
6.5628092450e-24
5.1636730543e-82
-9.7219216528e-70
5.8806141580e+100
1.7664116166e+06
4.4356086129e-37
9.3550273068e-23
-3.4309747559e+37
-7.5174031319e-34
7.0089824179e-64
-2.1022561434e+89
4.9312397755e+46
-9.4665220477e+05
1.7236272441e+53
6.5571062554e-93
-2.1339628939e+93
-7.8993051235e-68
4.8951805419e+68
2.6688208855e-86
-4.0348411746e+03
8.6993312873e-88
-6.5828657694e-51
8.1357643211e-56
6.6890178140e-63
-8.9925118036e-14
-1.6705639521e+60
-5.5841234795e+10
9.8574875473e-97
-9.1456297588e+59
5.6067070517e-15
-9.7232289162e+23
-3.3238154348e-41
4.9706026039e-33
4.9245036783e+52
5.5752797977e-19
7.5271644310e+34
8.0556201373e-55
-4.7554363579e-85
-7.8703040510e+01
5.1998218501e+09
2.3786589807e+32
6.3098852596e-93
2.4239795852e+88
2.1335901827e+88
5.5941805449e-59
4.1575076678e+29
2.8111141677e+62
8.6354491170e-87
-6.3058600194e-29
8.5068124220e+74
9.8019793243e-18
8.9386865800e+56
-9.2321249770e+04
-4.2784239398e-16
7.4180705872e-73
-9.6695777907e+09
-4.2052531528e+65
-6.5858388483e+67
-5.4315800847e+64
-9.8835566269e-15
2.5329970369e-31
4.1055593460e-83
-6.1636384244e+69
7.4842485143e-97
4.3339993706e+67
-7.4933019437e+05
3.3734838886e-35
-7.7532130004e+82
-1.2211630795e-15
-7.5047693026e+45
1.1277966211e+19
8.7870572616e+69
-1.4735483918e+39
4.7515959245e-61
-2.3445521807e-16
-5.0440357896e+70
7.8905657493e-38
3.3757677787e+81
3.2521486537e-08
-3.3688084134e-22
-7.9359301044e-45
3.3309819211e+95
-1.5414856052e-94
-5.1237862872e-17
4.4484609464e-100
-9.1746467501e+50
6.2077819489e+76
-4.4826658229e+86
-4.6976046854e-47
1.8559358939e+83
2.7034446542e-27
8.0055306475e-10
7.1047549000e-82
7.2648046348e+96
6.6989370125e+67
5.2554686300e-77
-8.8228931963e+16
9.3813175736e-80
7.2527931461e+84
-5.2216033886e-90
-8.3791848723e-79
7.0462628027e-15
8.5712002437e-26
-5.8304643056e-05
8.7338007741e+13
5.0178487165e-61
-6.7229135565e+77
-4.5640713135e+75
-7.8964518495e+61
4.0681285144e+15
3.1404400806e+16
2.8942366083e-52
-7.1998803447e+59
-1.3891673676e-35
-4.7334439437e+87
1.9310421905e-58
-4.0727127943e+58
6.3334164455e+62
1.5177941077e+38
-2.4010294876e-21
1.0590039666e-96
-4.5752286069e-12
-1.0860295959e+42
-5.4178317538e+68
-6.5790390490e-59
-3.9879624793e+05
5.1759779790e-31
3.0285084615e-68
9.9394953056e+29
-4.6743487107e-43
-6.3774860169e+26
-8.6551144881e+50
4.6612187581e-92
-7.2401720098e+19
-4.6407787382e+85
-5.1287101926e+07
-3.8819602072e+75
6.4267474086e-23
6.5746358489e+49
9.6941823405e-01
5.5655450342e+22
-6.1732619589e+13
-7.0270689088e-32
-7.1444616768e+66
-5.9864659176e-39
2.6857364483e+50
6.6985928413e+09
-9.2833308692e-65
-7.6830053854e-11
-1.6103070646e-78
8.1947186026e-81
-7.8157690255e+00
-4.3977017039e-04
3.1835136346e+66
1.8891060798e+81
-2.2245124656e-87
9.5343992164e-41
8.7854952428e+90
-6.1985942644e-31
3.4333555899e-72
-1.4774311059e-84
-3.1232404523e-10
-6.8548456968e+12
-5.2198706437e-31
-9.4436772379e+33
-6.9472513355e+30
2.5017406629e+04
3.9118878487e-72
-6.5747965517e-69
-3.4185147447e-13
-5.9760968525e+77
4.9210862522e+34
4.4420723762e+85
1.8890223762e-50
4.3580496685e+27
4.2352611081e+85
-6.3733146321e-06
-2.9011511160e-99
2.1733074102e-53
-6.1857839809e+71
-9.7248568119e-27
-8.7831133393e-55
3.8948479352e+36
3.6559923620e-68
9.8086460884e-70
-7.2119691349e+78
-6.1577980599e-29
-3.0257796452e+45
4.7288137538e+03
-2.3634473134e-30
6.1038718220e-69
7.0305669557e-08
3.1536548304e+94
-9.6069935941e-46
-9.9846443296e-70
3.3654731541e+98
-6.6358074822e+05
5.6187256364e-36
-6.4361366411e-68
2.0022750644e+15
-4.0286520266e-69
-9.7987868280e-14
-3.8417701421e-69
-6.6015506545e+03
2.9791594064e+93
-4.7406852699e+52
-9.9301467032e-08
4.4908015358e-68
-7.8957744763e+78
-6.2553148129e+57
8.0140249038e+19
-5.1842579417e-51
-6.3504548589e+43
6.1563107285e-57
-5.9394175979e-04
-4.4991245998e+13
3.7753450876e+15
5.0003697416e-84
3.7749771393e-65
6.8655868854e-30
-4.7897056325e-04
-4.0884805340e+100
2.8326210344e-83
-3.3225613312e+08
-3.8287804865e-80
9.0715481326e+94
-6.4926207087e+17
3.0721638799e+48
-4.0151285524e+55
4.2227634618e-82
1.7948894536e+19
6.8446866180e-84
-5.4718723397e+11
-8.2860710609e+32
5.7117800117e+56
-1.6583914247e-37
-8.4913131017e+43
2.7261263067e+91
1.1495511513e+98
-3.5672256373e-75
1.0133492797e+55
7.6996906296e-04
7.5654961599e+100
-5.0795148084e-76
-7.0522808962e+68
-4.8861814971e-06
-4.7245532983e+28
6.5255732997e-76
-5.8148013575e-18
-9.6171311587e-12
-1.7888974322e+90
-4.0420562540e-67
-9.0520331289e-50
-8.3923564434e+77
-2.1482700430e-04
8.8962146261e+57
6.4563723799e+73
3.7194894342e-89
9.1046173699e+11
-5.2062795884e-37
6.2475420315e-89
1.8629897746e-42
9.3553335711e+75
7.0892664872e+73
-3.9654444474e-12
5.0532299901e+31
-6.8263309878e+67
-9.0145253980e-97
5.7743442426e+69
9.7809123304e+18
-9.7629242390e-95
-8.9991620765e-31
-7.0589622255e+30
-4.7424749498e+14
3.0176148469e-80
3.3725179844e+38
-4.3333354458e+88
5.4621167496e-16
3.6781621532e-74
-4.1400854764e+52
3.1393475463e-83
-9.0277479942e-93
7.7619719208e+06
-9.7006659483e-39
4.4618257551e+53
-4.4338494532e-89
7.6147857600e-04
1.0541354006e+71
-6.5884617953e+03
3.2990209665e+83
2.8635990032e+92
9.6918269764e+26
8.9834245195e+46
4.4886373758e-35
-5.8784788219e-62
9.9045883642e+71
4.2271939044e+24
-4.8490876304e+17
-1.7467135688e+19
3.6664218318e-96
-8.7513336827e-76
-3.7300036213e+95
-3.5819416502e+41
6.7535350677e-35
8.7802168179e-68
2.8845660484e-87
-6.5947952364e+91
-4.2937569149e-71
-3.0625947079e-92
7.1684022627e-99
-6.8233038347e+55
4.5526896814e-79
5.4443602434e+34
2.1052148201e-74
-5.6572427596e-19
3.8386089156e-49
5.2361741133e+11
-1.5891753563e+31
-8.9727150684e-22
4.1684522153e-04
-5.5655802705e+20
-2.2942649496e+00
2.6967582680e+94
-4.6395617392e+39
2.9882149582e+82
5.4582762553e+42
3.6532652863e+01
8.5833721937e-94
-8.0057648387e-78
1.7861661920e+39
-8.5514579438e-30
2.8887104825e+59
-4.8121377989e-54
7.8521069724e+21
-8.0543893016e+04
-8.5152266075e+62
9.7565279634e+67
7.8544461105e+100
3.8775181164e+84
8.3202468922e-31
5.5797383301e-98
5.7276721967e-33
-5.4211999841e+39
4.1783394641e+81
-8.1392874927e+19
-2.5399333745e+41
7.7774374643e-16
2.9489563885e-12
1.5139224983e-42
7.5711686779e+28
-8.3862766474e+55
-2.8847972550e+58
-5.3930819943e-49
-5.7757721155e-94
4.3969254186e-43
-3.5924102186e-95
-8.0993473507e+99
-6.4749864220e-60
-2.1681298939e+84
-4.4505246449e+88
6.2297573164e+97
3.0272759615e+86
-3.7377304710e-30
2.1912891932e-09
3.2195574959e+69
8.5320807586e-09
4.4352460508e-12
-9.4231198579e+78
9.4885886187e-90
9.5328384938e-75
-7.8122477031e-24
6.1945971198e-74
-1.9492477404e+90
-3.1956101675e+07
-1.9781017716e-90
-9.8385259451e-57
-3.0999782607e+61
2.8091808658e+03
9.4574594145e-46
3.6465268285e+70
-4.2609372321e+02
-1.8358673466e+40
-7.5289553840e+97
-9.8347059265e-40
8.9616196828e-31
-3.0347891480e-67
7.1807635972e+35
-8.5230176542e+90
6.5891849498e+43
6.6259270292e+91
-7.8886667972e+75
4.3102050905e-73
1.6295451984e+81
7.1197581863e-68
-8.3251620536e-83
1.9785260648e+43
-3.2324699727e-95
2.7876153459e+65
-6.2483407403e-28
3.4649395829e+04
9.4954057430e-87
9.2047301451e-12
-7.0850348262e-01
8.8478384539e-66
6.1092209531e+09
1.5106467171e+40
-3.0917277376e+05
-9.8558065913e-71
1.1331234327e+97
6.3024903385e-73
6.5033447402e+75
6.7656934600e-94
-5.2270901363e+46
-1.5439920565e-26
2.4119901507e+19
-1.8427308660e+57
1.8101741282e+27
-5.0226282031e-90
9.2490231482e+84
8.6246065054e+50
9.3926404607e-08
-5.1485466468e+72
7.3119784549e+87
-5.5035000920e-63
1.2361583296e-51
7.9324102064e+31
-9.4930454350e+77
-3.7877921161e-12
-5.5064260944e+23
1.7183426557e-40
7.8044892885e-28
-4.4903685071e-08
-3.5323445648e-24
8.3604119575e-85
-5.3727139973e-75
-2.7796371394e+15
4.9946281394e-90
4.5039996523e-56
-4.9378799622e+03
9.7768941481e-57
8.5142452930e+62
7.2437866540e+07
7.3376727812e-50
-8.3182525125e+78
-8.5626934783e+87
4.8571721792e+30
6.4177838570e+64
-1.3999050932e+28
-3.0304840222e-35
4.2150916170e-39
1.8216810698e-74
-3.7291215252e-65
5.3352395617e-58
-5.0912845396e-38
1.7766705246e-17
6.5862690019e-53
-7.4238240765e-94
-8.8773243155e-71
-3.6971522423e-59
-6.4052875004e-45
-7.8274054001e+13
-2.1712265042e-50
-9.4373606218e+15
6.9360625816e+42
6.3611352666e+13
-8.9489550387e-22
-7.1800253120e+12
3.5134526132e-51
-7.1337606938e+07
2.6661892787e+65
-4.3680337991e+85
-3.1889582076e-54
8.2190441121e+19
5.1285273182e+90
-9.7539569676e-36
-6.9131518886e-65
-8.9331167974e+25
-9.3845491100e-22
6.1048998494e+12
-5.1336473855e-99
4.1124944403e-06
5.8277191797e+91
3.4661830992e+34
1.3446240229e-05
-5.3356944607e-63
-6.8425101344e+39
-1.9641542879e+87
-9.8100497842e+09
-7.1656116596e+45
-1.4388731003e-95
3.7375990473e-93
1.0413954889e-66
6.4614420503e-100
-3.7975425762e+13
3.9578233435e-57
3.0872012049e+83
4.6809075234e-78
4.6057250353e-29
5.8201273087e-56
8.6385498321e+49
-7.0481973309e+88
9.3866773698e-16
-5.8601046014e+73
-2.1919439151e+45
7.7678508325e-31
-7.8910413416e+63
-2.4045724573e+59
7.0404201129e+75
-1.1461089322e-83
-9.0589312717e-76
-6.8972331630e+86
-7.2487866709e+30
1.5127520264e-17
5.3187482249e+56
7.7429819947e-25
7.3979838117e+47
-2.4984577418e-79
1.2408351377e+99
-2.3895410785e-33
-2.1821754689e-18
2.4947129367e-68
2.6933365307e-44
6.0474871765e+97
6.5342702565e+76
-4.7648246508e-36
5.6628042476e+56
-3.5230289306e+49
-9.8908384196e-55
6.6777341958e+45
-3.9324606409e-80
-7.0632279570e+52
-3.1609724856e+58
2.1039100804e-30
-3.4373311830e+36
-5.7964546223e-44
-2.2333214729e-90
-9.5146856400e+76
-5.6056154078e-37
6.1925831891e-56
-7.7448930752e+73
-2.9562456885e+69
-8.5895895860e-28
2.3137218088e-63
6.8042495537e-61
-7.1249351801e+30
-5.9256568996e+22
-8.7513441068e-30
-6.6821194415e-55
2.0977251959e+60
8.5730868375e+32
-4.9636153561e+86
5.4006135984e-89
-4.8950991932e+75
-8.8591168602e-86
-5.7815531177e+53
3.4544043557e+66
-2.2626603054e-95
1.2825161866e-48
8.2606445074e-88
-3.9438074401e+54
2.2172600682e+25
5.2664223658e-18
-9.1262616564e-29
6.8925307367e-75
-2.8569548402e+87
-3.5826624294e+77
7.3992610639e-51
7.0707568061e-56
-5.5235327133e-48
-8.3130638046e-61
9.1257192160e-18
2.5665787157e-46
3.6489205421e+85
2.2658403876e+12
-2.1235049023e+92
-6.2580464066e-42
1.9469524700e+27
-7.8330450971e-74
-1.6589651987e-24
-4.2492628480e-06
-1.8282324399e+95
-7.6636440672e+99
-6.6001640686e+80
-4.4704141242e-09
-3.4846595774e+44
-4.0982370793e+61
-5.9683007545e-54
9.1078940424e+47
-9.3604662214e-45
2.7327331562e+72
2.6529697059e+38
7.3061559195e-73
-6.3036869423e-39
8.7131280054e+77
-8.9813069820e-97
9.2264999825e+08
-5.2519520550e+88
-3.7813735789e-02
-5.7239540250e-58
6.5528272658e+61
9.3705289891e-24
8.2471491616e-88
-9.6621638440e-07
-4.2555985804e+21
-6.9354548065e-66
-3.3805394597e+79
-7.6946260965e-60
4.7613664925e+40
6.6269510940e+65
-9.8665535347e-50
-8.2006487997e-31
8.2171791248e-53
2.4006605199e-45
5.7468672351e+19
7.8878719909e+34
3.8521683404e-77
-7.3215371253e+52
-5.7102546545e-28
6.2982710503e+13
4.8017641747e-22
1.3007030032e+57
-7.3776110301e-71
-8.3206492922e+08
-4.5648932855e+19
-4.7388580261e-19
-7.7637139387e+05
5.9777537029e+71
-7.9588399468e+01
6.8859072561e+100
-2.5193625598e+56
7.1433636735e-41
9.6821698126e+63
8.7369721871e+09
-3.2084528564e-36
-6.3541327905e-93
-2.0946190630e+19
2.2022550997e+90
-6.4355293382e+08
-4.3834529212e+65
-3.9388447643e+71
-2.3660416078e+63
-9.5190940270e-96
1.5825364769e+98
7.4481573478e-67
-6.3564009832e+16
-5.9347364013e+96
-3.6144757670e-45
2.4176416863e-98
4.8823027502e+76
4.5406166361e-42
-9.0859889046e-10
-3.1480205303e-01
-9.9385679044e+50
4.1916360021e-92
5.5529373363e-71
4.6501433427e-43
-3.1469746722e-22
-7.9481317813e+28
6.8696016997e+53
2.0743891699e+86
2.6758647834e-78
-9.2627421266e+35
1.0251600053e-56
4.8723029229e+74
-1.1444411947e-12
5.1796530818e+04
1.9868440525e-22
-1.7262693379e+42
7.5492581157e-76
4.3369785818e-98
-7.4730257947e+19
-9.6340412275e+67
-5.6474354177e-16
5.0777258325e-24
5.4344719467e+32
-9.8735710969e-96
-2.9192385393e-65
3.7936775496e+41
3.6365398720e-42
-6.8102988561e-80
4.3107069796e-81
7.7265653836e-13
-8.4511430256e+50
9.3967313784e-17
4.2271183693e-49
8.8498279353e-30
2.5351659659e-74
5.2622306541e+17
-1.9840223541e-07
-7.6002311618e-52
4.0881106693e-14
7.1492101515e-95
2.6725543680e+24
-6.3862956627e+53
7.2869904469e+71
1.7541047458e+18
-7.7949370087e-82
-7.0512219596e-05
1.4057942885e-30
-7.4203679340e+07
-6.0151398184e-16
1.7224322613e+54
-2.9056760104e-75
-3.9307745768e+62
3.4049308152e+95
8.7343349359e+78
3.8888970594e-75
4.7332855701e+61
-9.4370136663e-10
9.7546681340e-08
6.6914656372e-92
3.5170046426e-16
8.4450729096e-87
-7.5395690095e-11
5.2475566190e-34
9.6815136981e-70
9.0075765683e+92
-5.4288679209e-50
9.5337464720e+53
-7.1735494337e+56
9.1960903797e+27
7.9071383285e+96
-4.8276298556e+91
-5.4549859196e+31
8.2902922423e-88
-3.0040207887e-57
-5.6622551336e+70
2.9549826441e+80
-2.9490416344e-92
-3.4828204618e+36
-4.6442092585e-97
-4.8893791683e-90
-2.4950335283e-26
-5.2779444568e-98
6.7129922749e+19
4.5006424146e+04
-3.5216323102e-16
-3.3233813421e+22
-2.2667882384e-84
3.6330931738e-88
-1.0453006994e-93
8.6944956567e+11
5.6824081796e+17
-2.7714508455e+49
3.6291359043e+58
-4.1187616616e-63
3.5064920334e-55
6.1847249471e+42
