2.7656059967e-26
-7.4970834592e-84
6.2141248906e-38
-6.4873167208e-05
-6.6619654168e-70
5.7948230572e-20
-8.1316981186e+30
-8.7056639165e-55
6.0255569643e+43
-4.5633801798e+73
-3.9879831370e-60
5.7950068311e+29
7.5168433105e+61
7.8684954796e-70
1.0187275109e+83
-8.2300889864e-20
-3.3134976337e-28
-4.7661933895e+31
-7.7610983685e-24
7.3946108999e+55
4.5391381844e-26
6.4718143350e-16
6.0994153017e-74
5.9395916380e-02
-5.5923011717e+64
2.5208409057e-25
-7.5330320026e-09
1.7126702543e+77
-3.5952119603e+28
-6.4967588541e-16
-2.5807307119e-84
6.6893792541e+63
-8.3248608036e+44
-8.0138938986e-89
2.1194111078e-97
5.2223171684e+67
-1.6792537977e+64
-7.3559224264e+13
-4.6439371270e-45
1.6697965280e+79
7.1087663997e-61
-5.9776306707e+89
-4.8755668437e+10
-5.5375397245e-50
-7.3578173381e+33
-9.0202343168e+99
-5.4004228257e-83
-8.5129836870e-61
-3.3840124649e-44
-8.6321549516e+19
6.7678677769e+24
-8.3267411284e+35
-6.2589816944e-50
2.4585652071e-40
1.0202387211e-14
-5.5119441921e+75
-2.5975852777e+54
-2.2659847113e+44
9.1879765270e-29
-5.9976542878e+39
9.0907170067e+16
9.5262403412e+50
9.0763964273e+30
-7.1801791567e-75
1.9883229758e+24
9.3357551975e+79
-8.9007064855e+25
-9.3731318485e-13
-5.6707643121e+44
5.0243010953e+24
-3.9453102895e-40
-1.2773143214e+20
1.0822464802e-61
6.8065865406e+03
9.9956709727e-51
7.0214700600e-70
9.6785701293e-97
-7.0504182923e+08
5.5155865298e-96
4.1236939115e+64
-7.8969396322e+77
-5.4876839389e+27
5.8978575532e-58
-3.5257446133e+72
5.2600364065e+09
6.3076600031e-32
-1.0440738471e-63
-4.0212601701e-45
8.4226088250e+51
-6.7774550956e-27
5.9857336426e+18
-6.1177749627e-50
5.0960352930e-04
-7.9655878617e-70
6.8813919668e-73
-7.9508691867e+35
3.3726932552e-28
5.6457709561e+36
-4.0472834906e-56
6.4983171249e-29
8.6852856689e+36
7.7240518981e+05
7.0377807677e-89
4.6414052171e-33
-1.9446976587e+20
3.0145648037e-67
7.1666052504e-97
-8.4573506476e-54
-7.4554964912e+52
-1.7304015917e-14
-3.1462936656e+73
-7.3950575946e-57
8.6150246792e-69
-7.1491456579e+51
-7.1751501838e-72
9.3441061983e+23
-1.5835099749e-13
-1.9587983710e+96
-9.7550079291e+00
-6.1487323189e-06
-7.1504989753e-45
6.0025206174e+76
-3.6783510989e-26
2.3797369417e+42
6.4990566431e-70
-9.6756719670e-04
-6.9809588921e-12
-3.9083307783e-100
1.1934391160e+45
6.4992177239e+28
7.0694930137e-36
-4.2625797195e-81
-6.7072596173e+08
-4.2060962459e+05
1.2350117169e-44
-9.9099231323e+89
3.1032262654e+05
8.9487412981e+68
-5.1268658128e+55
-1.8049822990e+12
-6.4027945484e-20
-7.5007321260e-23
9.6185315834e-91
2.8121103303e-27
-8.9647688071e+62
8.3450633522e-72
-5.7495200235e-73
-7.4930830923e+55
-1.2046899838e-63
-1.8597833979e+29
-9.6965246996e+80
-5.7860034536e+68
1.2392045978e+31
-2.8241521928e+54
6.2421878502e+13
-5.8018451066e+62
4.7606722795e+00
6.8172763514e+91
7.2215119487e+76
-1.7700915795e-82
-6.6309177008e-77
-2.1143337037e-38
1.5473046381e-01
7.3357222579e-42
6.0527397365e-88
5.8082020571e-94
8.6327009388e+88
9.6765851061e-05
-6.7377631528e-88
5.0396030072e-28
-9.9836355992e+07
-8.6563825560e-62
-6.3640042356e+90
5.6861631517e+73
-6.4251737481e+62
5.1772910499e+49
-7.8966015793e-43
8.3720357910e-28
3.3963534237e+63
3.8381794078e-90
3.3491106845e+65
-7.8274885727e-65
-3.3648033398e+57
2.5482019242e+97
-5.2386284091e-12
-7.1793800290e-37
7.9946224256e+26
-9.1905759746e+27
1.8603264102e-20
3.5630791167e-35
-7.0841171275e-01
2.1352784530e+71
2.3222355171e-86
-5.1648512890e+87
-5.6013041697e+99
-7.4591711057e+63
4.6404187533e-100
-3.5451271907e+92
4.3316695118e+27
6.6266076981e-78
-6.1597975590e-31
-3.9893963689e-94
-7.7277893088e-75
7.4033354248e+39
-9.8158594298e+19
-5.4255187242e-25
2.4417602575e-02
3.2671810250e-74
-6.3387631184e-99
-3.0224806993e+32
-2.0840980500e+46
6.9716838124e+88
3.3719530869e+76
6.8398670522e-24
-8.7830855701e+32
-6.6382241029e+79
-3.1900317586e-82
5.0563408400e+00
5.2226206703e+79
2.9176891271e-42
-9.2007197836e+67
-2.1016855877e-38
-7.9378419962e+91
-1.3294113327e+16
-6.6126893783e-61
-4.7916341978e-10
-7.1784896201e-100
-9.8069431946e-61
-3.6241524881e+23
7.7534968768e-03
2.0436521658e-83
7.5353807662e-41
1.4539253322e-98
2.6301737478e-81
-1.3108518469e+43
-5.8647183484e-85
-5.7703395033e-82
1.1539437840e-01
9.3522702983e-88
-8.6967313265e-16
8.7634513907e-50
4.7167418002e+60
-2.6350565883e+56
-3.5570431073e+54
8.9083955209e+73
6.0013631912e+53
-4.6150908285e+74
8.3294269942e-92
-1.1890642628e-11
-6.6181868413e-25
-5.2593552082e-81
-8.4532193630e-64
-6.9434474290e+93
-9.2763808602e-95
-2.7823860749e+73
1.3403550221e-100
9.7942703401e-65
3.9028608581e+33
-6.6488364853e+62
-5.3545382454e+64
3.0971839768e+37
-1.8805626881e-22
1.1152238601e-49
-9.3321330643e-91
-1.3850640136e+83
-7.6624572139e-30
8.3372418876e-96
-1.2844368407e-69
2.8607730025e-46
7.2657460709e+52
6.0947575183e+21
-5.4237521175e+09
1.2195153889e+99
-9.1030108117e+10
-5.6311046783e+31
2.1161408440e+31
1.3372210700e-59
1.5562453426e-39
3.8851709972e+48
-8.8362994070e-27
8.9546060674e-15
-5.2718727905e+97
3.0117908150e-12
-6.7597676410e-76
-3.7361601399e-90
8.4827882750e-08
3.9746538588e-09
-5.6325149960e-86
-5.0009528679e-31
-8.4160046780e+80
2.2326980977e-17
4.2070940718e+18
-4.3477639945e+70
-9.6864254694e+70
-6.8261555231e-35
-1.6620716329e-93
-4.5625401705e-88
-8.3606466075e-07
-2.2959703960e+34
6.5783104738e-75
-8.8850075330e+72
2.0142119358e+21
4.6924147651e-41
3.1961698904e+91
-9.6026592615e-55
-5.5072716156e-43
-5.3451614534e+19
3.4318310234e+77
3.7062657331e+73
8.8362285344e+37
-6.6733160502e+96
-7.4602371436e-48
7.2821273864e-79
2.9692966686e+23
2.7923425693e+28
7.6633348611e+100
-1.7357113272e-100
-8.2565881149e-83
-3.0378792907e-35
5.7193376777e+10
7.0551557864e-25
1.3229070954e-27
-1.2210345078e-74
-9.1276399078e+20
-6.9720378919e+81
4.2606740941e-83
-1.2776204361e+50
6.8552791170e+46
-2.2078662455e+86
-5.2353679376e+63
5.5429334344e+65
9.7772069411e+89
-8.7386337112e-11
-7.6085894097e-15
6.6396746265e+49
4.4040604918e-39
1.1235164078e+52
-9.2130899553e+37
-1.9460494384e-82
-5.6607332430e-87
-1.7091422490e+89
2.9498807563e-100
-2.0810744664e+83
-6.0843815402e-43
-4.1688070012e+37
-5.9629592070e+68
-2.1852879220e+68
3.2515472586e+76
-4.1786309641e+17
-4.2809789541e-33
-5.6899626376e-21
7.6767602479e-77
3.8499052987e-40
-3.6759728558e+10
-5.7281977971e-57
5.5502301848e+99
5.4268302399e-16
-2.4399327464e-87
7.0204375026e-06
-4.9484772317e+90
4.7676185504e-56
-3.5603449508e+90
5.0807710426e-04
-4.3061792872e+34
-7.5148704778e+56
8.7200848483e-100
-3.2546129274e+85
2.7504139099e-73
3.9427730832e+89
5.0959529752e-05
1.9792062017e+73
-8.2622370903e-58
6.6345278730e+29
6.5553084549e+72
-4.4456713395e+10
-7.3912768397e-16
7.6519031452e-92
-6.7214534904e+67
9.8527194405e-14
2.4277272031e+15
1.8821756333e-57
3.6591398474e+88
-5.5809444034e+68
8.5270623757e+15
9.6721987703e-66
-5.8034475709e-48
-3.1920107224e+68
1.9632306528e-56
8.0178738224e-41
9.4965024612e-49
-9.7548756281e+75
1.5996806835e+83
-7.9992211157e-16
5.8825544375e+33
-7.8870477856e-88
1.0278732716e-22
8.1465730983e+96
9.5074089832e-50
-7.2251505862e+05
7.2381328297e-32
7.6017766847e+96
5.9156095627e-04
-3.7030144003e+33
-8.0496209088e-25
-2.5362614018e+63
8.5643072176e-48
4.0977774893e+31
-4.3651140813e+10
-5.0288038656e+02
-8.0123222987e-88
-2.2280198185e-27
3.6788519984e+18
-2.5518148161e-77
-2.1285930478e+54
4.6309235571e-87
-9.0482162054e-58
4.7646741806e-97
-7.2424184722e+57
-2.1102788206e+76
-4.4260294713e-11
-5.7683950561e-08
9.1624325891e-27
5.4826454961e-97
-4.9477114717e+21
7.1452797180e+06
5.3253504579e+94
-2.5924295669e-95
8.7026037094e-09
-1.9665586372e+66
-5.5593212574e+76
-5.0846663382e-72
-2.3571936983e+16
4.7762804332e+47
8.1898988615e+13
-4.8392588472e+54
2.6946227121e+53
8.2182555460e+04
-9.4950616016e+87
6.3393187125e+62
2.5807101905e-50
-5.0486567259e-10
4.9225111673e+22
-4.8780905774e+100
3.2896990864e+11
9.0144745152e-66
8.9610016742e-44
3.4270164600e-55
9.0261590139e+28
9.4236749859e-97
-9.1832749284e-13
7.7305450230e+79
-6.8180599449e-76
8.8284093532e+06
-5.2145912657e-29
-5.1440419176e+93
2.8119085507e+85
2.3694608712e-25
5.8799371815e+77
-6.2283426171e-09
6.1733341062e+30
-1.7077253555e-61
5.5201116303e-57
4.5136479950e+61
3.1162873047e+53
-5.1167636165e-07
-8.2442344319e+40
-4.1551440099e-55
2.8235990689e+84
-1.8069197368e-30
-5.6588922090e+90
7.4031996231e-43
5.6825793340e-32
-6.4155418121e+14
9.4578172570e+32
5.1950911940e-47
5.0533680992e-71
1.1911503709e+63
5.0240487817e+70
-6.8519152112e+51
-3.4229293423e-12
1.2341552303e-75
-8.5649638710e-75
-2.4303242096e-26
9.3031941373e+83
-6.1861398257e+31
2.5506898388e+54
5.0892976824e-60
-2.3240227791e+34
-5.0371307230e-10
2.6462933336e-02
6.5159455248e+82
-2.0622243035e-03
9.2260906454e+26
-3.4539509878e+09
2.6779773202e-25
-4.0938705570e+14
8.2151746641e+33
-9.3196997621e+94
-5.4530536097e-77
3.2987608422e-14
-4.9766928494e+09
3.2950921550e+91
-9.1485573881e+22
2.4045198078e-58
-5.3674182343e-40
9.2723358820e+63
9.7228792992e-69
-8.9194939586e+52
-6.1039285392e-96
4.8416004784e-81
6.3901392394e+85
8.3171271516e+86
1.9583643643e-18
5.6455950899e+43
-9.6875903056e-61
3.5647615239e+80
6.3318892818e-88
8.7588884589e-83
5.0836951122e-45
9.3498077413e-25
-6.2744099711e-19
-4.7315817504e-33
-4.2986186638e-71
2.1760857691e+50
6.0033424741e-97
-4.4231995294e-03
-8.9518458396e+08
-4.5364607374e-33
9.6751133236e+00
2.4160367240e-100
5.0541004038e+52
-7.9758700273e+91
1.7343795711e+01
3.5048931047e-74
3.2631253771e-46
-5.7608497187e+42
-3.2825123730e-83
9.8925723857e+73
9.3562588691e-97
-3.1419337237e+60
7.7685446330e-56
-1.6159237502e-69
4.5998722453e-29
5.0774506146e+78
-1.0473960862e+70
-9.3983369691e-92
-9.0136601467e+31
6.0731674162e-34
-7.1182394819e+48
7.3202060476e-30
8.6311570472e-04
-6.0439323985e+98
1.7999533912e+03
-3.6977397345e-29
-7.7376246093e+51
-2.1077625311e+00
-5.0585653904e+96
-2.9821176601e+24
2.3254379127e+49
6.1253633082e-30
5.0421349989e-84
-5.8827468776e-27
-2.8246085888e-87
-7.7473510726e-99
-5.1229607290e-49
8.3464699600e-47
-8.5745188066e-38
9.4155578954e-44
7.5499539605e-100
-1.5957668688e-01
-3.0941566331e+45
-9.3156824072e+87
8.1837265394e+21
4.7624411086e-57
2.2069679701e+68
-2.9293751247e-47
-2.3502375715e-89
-8.1232181896e-87
-8.0945555172e+01
-6.9374879481e-85
2.8162835463e-89
3.0232066460e-66
-7.2403583164e-87
1.9522940026e+37
-6.3538727971e-63
6.9542658247e+97
5.1201434637e-74
-3.1626056149e-18
-6.1936471580e-60
8.5775636289e-08
9.2257640296e+71
-4.2994374236e-06
5.1737104270e-10
2.0477204437e-97
6.3233379355e-84
-7.8888871225e-09
-1.6334314426e-42
6.8717953231e+58
-2.6672241844e-29
-2.0704602545e-04
5.0120191714e+85
7.4130167535e-49
-8.8826650514e-48
7.3102487891e-64
2.6334651545e-17
9.6998738487e-48
-3.6887889576e+76
5.7736780510e-23
5.4503059522e+93
-2.2289525760e+78
8.1343396847e-87
3.6671758000e-71
4.0599955051e-83
8.9403884317e-29
2.3886890030e-51
2.2263600779e-89
7.7159976404e-61
-7.3354605058e+35
7.1549035045e+07
8.0329040589e-17
-4.7558905912e+21
3.2410616349e-23
9.1685634271e+08
-8.8312302798e+14
-1.7903285160e+00
7.5143659348e+64
2.4659370295e+09
-3.7285484035e+33
6.2228928386e+50
-2.9195400203e-100
-9.6672194125e-07
9.2178945423e+02
2.4865954978e-98
-2.4569140092e+25
9.0032268455e-20
-4.9359611450e+48
-6.3896297693e-32
3.9497790768e+35
8.1137401144e-11
-6.5611912621e-93
8.0906149423e+44
-7.9768480040e+75
9.3865211221e+45
2.0646412391e-91
-7.3580309515e-65
6.8330525773e-03
2.4753877173e+42
-5.3359364553e-40
2.9335347358e-76
2.9752667648e+24
-7.6183763825e-01
2.3071152715e-59
4.6708401458e+43
-4.8372693466e-57
8.2008120348e+35
4.3728822004e-04
9.8934817489e+90
-8.0997269658e-60
-1.0898395586e+03
-1.6600174771e+48
1.9869593298e+17
4.1320305737e-61
1.6541860470e+42
6.3133459095e-39
-6.1610585965e-68
-1.4401740139e-59
8.3047509272e+78
-1.4721407999e+66
-5.5786958764e+00
2.4773197486e+84
-4.1143477965e+96
-5.2582252228e+82
9.8361764505e-58
-6.3560897626e-34
-7.3392821966e-23
4.5434644039e-62
-3.3434045314e-75
-4.2835497428e-72
-9.9839543543e+66
2.1662666461e-36
-7.1633916019e-66
-4.8236319697e+01
7.3559254684e+80
5.2506060595e+33
-4.3242761489e+20
-3.4518407098e+59
-6.1391305553e+15
4.2489482146e+34
-8.5614238630e+06
3.9782681327e-74
5.3368305643e+39
5.4057331450e-93
-3.0694291401e-15
9.8065768924e+93
4.6268164651e+76
-2.0250770149e+75
6.1349714691e+03
9.6477372993e-66
8.1204174109e+59
1.1078647414e-96
1.1447317956e+87
7.4126775962e+79
-8.6702409452e+99
9.5235927961e+88
-6.6842103119e+58
-5.2819833622e+23
-3.5206597092e-76
5.0528361253e-47
2.3070652243e-55
6.6007598637e+20
-7.1914566214e+65
1.7415189509e+01
-5.1246552655e-96
9.4157213762e+89
7.4033282893e+55
-7.8372759103e+48
6.0403491939e-73
-7.2705271716e+20
9.8246701205e+92
1.8971628554e-11
4.4938007502e+53
6.8910678971e-90
-4.0318440533e-40
-5.4164774822e+31
-6.5357957422e-95
-2.5105750026e-11
1.9527609726e-87
-3.5456764206e+11
1.4779226296e-39
9.6820762681e-92
7.9506463741e+98
5.9401259992e+35
-1.5406115084e+95
5.6830916009e+67
2.7513282626e-12
-7.6500590963e+51
6.3017704592e+44
9.1343622442e+38
7.9842089547e-74
9.4759302870e+77
8.6040373842e-66
9.9204926915e+87
-1.2826664770e+66
-1.4934656556e+53
-9.2752005641e-83
-5.7810539641e-13
9.1496604281e+58
3.5453940091e+37
-9.7817085913e+48
-3.0822196332e+03
1.9809315164e-15
-6.4005382702e-93
-3.3228081298e-19
-2.4754677455e-69
-5.3900727235e+36
5.7937064678e-45
7.3395164879e+55
-5.3157377598e+33
-9.5122861042e+62
8.7385517301e+33
-9.3508986643e+04
5.9215285897e-41
6.4330149479e+68
4.8099943730e-03
-9.2222902347e-25
-6.9504180202e-80
-6.3238208789e-68
-3.8435248088e-98
-9.2096697749e+69
3.3722737288e+72
-5.1275284144e-98
5.0503273539e+45
-7.4000796274e+03
5.1766160430e+16
-6.6035133976e+15
-6.8139244590e+10
-7.3353516173e-53
-6.4478935017e-66
2.8171090717e-74
9.4240942003e+86
-6.9201592814e+47
8.8927325882e+18
-3.6409359313e-07
-1.1228591115e+81
-9.3460500925e+21
-4.8354411297e+90
6.3655793959e+27
4.9944963189e-38
-5.5258449416e+88
-6.0541212765e+43
-2.2939712228e+57
3.4684293276e-84
6.4258464426e-59
9.8346130451e-51
-7.6750240820e+40
-2.7507789298e+38
-3.0005481211e+10
-4.8372998571e+53
-7.5980734075e-41
4.1040492844e+75
-7.9999418129e+22
-9.6530325830e+85
-4.3539991681e-16
-4.5767771907e+15
-2.3969641360e+43
-2.4552482273e-30
-1.3678307745e-44
5.8189152973e+15
5.4393139275e-09
3.0652421909e-47
-3.0861822923e+98
-4.4757921070e+42
-6.7711217682e-65
1.8469100807e+58
7.9645347584e+62
-6.8454639186e+08
8.8629731127e+03
5.3065137110e+99
8.9981829149e-68
-6.3004676357e+37
6.7282152730e-78
-1.2328477450e-91
2.5219831595e-04
-7.5092148790e+30
-5.6048903212e-66
-1.7659594160e-55
-4.1548832471e+19
8.4675447429e-22
-2.2554434138e+96
9.4539585389e+70
7.0251077158e+86
-7.6085268677e+76
5.0837680731e-25
-3.6475088108e+76
-4.0013772822e+32
4.2643011661e+84
-7.9954169035e+59
3.4365010054e-87
-4.0440973117e+58
5.4055272110e+83
-3.5025265714e-13
1.9003401541e-90
-8.2434820827e-66
6.9595154692e-47
-5.7648114013e+59
5.5737765995e+24
2.9347046501e+07
-8.1934603294e+77
-6.0133402698e+99
-8.6945049766e+50
6.4002474556e-65
-4.5908384552e-98
-5.9511962742e+88
5.6655426634e-10
-6.9177756493e-62
8.0125068535e+28
-7.7503907220e+55
-6.6174221197e-85
7.8015391796e+88
-2.5938009100e-48
-4.7888925902e-03
-3.7026081627e-66
-7.8218496481e-92
-2.6547534432e-16
3.7890877352e+41
8.4811522564e-15
-3.7079843853e-45
-2.5308934898e+47
9.4119631805e+100
-9.9104218457e-27
-2.2091934102e-07
-4.5442170419e+93
3.1584780433e+15
-2.4482831861e+83
-7.9040595483e+43
9.5176360295e+44
1.3647069634e+14
4.8029320617e-82
-9.3706130850e+79
-7.6498574904e-92
-9.7678113951e+04
5.7575850969e+05
-7.1604269020e+83
-7.5372322236e+96
8.1657123833e+33
1.3543632489e+16
-9.5793292218e-89
-9.1577779710e-24
-4.8422675269e+88
4.5927825203e-96
3.9494168589e-12
-7.5244303250e+90
6.1369006654e-86
-3.1099123555e+02
-9.3780944266e+90
-3.0616381049e+79
-4.0026917330e-12
8.0764405704e+42
-1.0779259568e-51
-7.3018444915e+84
4.4963527838e+87
1.5943175874e-69
-5.3263895986e+85
-4.2382425110e-23
8.4252605577e-33
1.5328488956e-85
8.4137303402e+51
4.5644532844e-66
4.7014234993e-22
-7.9573942314e-53
-4.9071986691e-41
-4.0685791343e+16
-5.9504076334e-28
6.0190117529e-45
-6.4777983914e-39
-3.0340918016e+13
-7.0339505737e+12
6.3669511305e+53
-2.5499965414e-77
-9.4073666754e+48
-9.3501389648e+24
-1.7499227478e-99
-2.0894991813e+37
-7.9270729637e+65
4.8029784661e+49
-1.9424340706e+25
-3.6439271798e+85
2.3391929553e-92
-4.4661463903e+96
-9.1551914818e-92
-3.8426995047e+99
6.7774910591e-56
8.5856716446e+92
2.9998413948e-96
7.2573694236e+74
-2.1541583833e+01
9.9938725777e+20
6.2818547770e+15
-5.3144674080e+93
9.0202476538e-67
8.3086078620e-24
4.7721485832e-81
8.9197600403e-68
-1.9275529701e-87
4.1269273565e+01
1.1662711664e-85
-2.2206678518e-67
7.6097764387e-45
1.0225657511e-09
-2.7700798327e-86
-7.8807599500e-14
-2.6860010882e+88
-4.5691568073e-05
-6.7763186932e+75
-6.1005242833e-42
8.2236182372e-18
-2.3773012989e-36
-6.7469684623e-45
9.0003494561e-16
-1.6291296058e+48
-6.4937417320e+03
-2.8264791752e-80
-2.4144040718e-96
4.1467866206e-100
-3.9852625695e-67
-4.3946148481e-09
7.5465059981e+16
-5.6299699190e+03
-6.2126950411e-35
5.1375518070e+27
3.5038187866e-71
2.3368787515e+17
2.4591572503e-47
1.8612301956e+13
-4.9714039886e+31
7.4494760339e+49
-7.9776616861e-82
-6.4780529029e-09
1.5585581001e+53
-5.9582155164e+75
6.7667484004e+71
-4.1788722661e+50
-6.3392117369e+59
5.8758612779e-31
9.2096582550e-100
-6.6378503332e+66
4.1309849471e+38
-8.5646163890e+64
-5.9280780078e+91
-3.6049742780e+76
7.9660985962e-70
-1.4784333938e-08
8.1999572472e-92
7.0705910154e+45
-6.5184359636e+100
-5.8427863147e-50
-5.7055144317e+65
9.9784699895e-99
-4.5536405742e-69
6.9982794619e-32
